PatchID,XCOORD,YCOORD,ID,MID,FID,sex,age,size,mature,newmature,layeggs,capture,recapture,infection,CDist,Hindex,Species,ClassFile,SubPatchID,L0A0,L0A1,L1A0,L1A1
1,2540470.832,712452.2021,E1_F1_m1f1_P1_Y1_UO22,S1_F1_m-1f-1_P1_Y-1_U11,S1_F1_m-1f-1_P1_Y-1_U20,FXX,1,96.29448123915043,1,1,1.0,0,0,0,-9999.0,0.75,1,P0_CV0,1,1,1,1,1
1,2540470.832,712452.2021,E1_F1_m1f1_P1_Y1_UO18,S1_F1_m-1f-1_P1_Y-1_U35,S1_F1_m-1f-1_P1_Y-1_U21,FXX,1,96.29448123915043,1,1,1.0,0,0,0,-9999.0,0.5,1,P0_CV0,1,1,1,1,1
1,2540470.832,712452.2021,E1_F1_m1f1_P1_Y1_UO1,S1_F1_m-1f-1_P1_Y-1_U52,S1_F1_m-1f-1_P1_Y-1_U39,FXX,1,96.29448123915043,1,1,1.0,0,0,0,-9999.0,0.75,1,P0_CV0,1,1,1,1,1
1,2540470.832,712452.2021,E1_F1_m1f1_P1_Y1_UO29,S1_F1_m-1f-1_P1_Y-1_U19,S1_F1_m-1f-1_P1_Y-1_U20,MXY,1,96.29448123915043,1,1,0.0,0,0,0,-9999.0,0.75,1,P0_CV0,1,2,0,2,0
1,2540470.832,712452.2021,E1_F1_m1f1_P1_Y1_UO34,S1_F1_m-1f-1_P1_Y-1_U19,S1_F1_m-1f-1_P1_Y-1_U20,MXY,1,96.29448123915043,1,1,0.0,0,0,0,-9999.0,0.75,1,P0_CV0,1,1,1,1,1
1,2540470.832,712452.2021,E1_F1_m1f1_P1_Y1_UO8,S1_F1_m-1f-1_P1_Y-1_U10,S1_F1_m-1f-1_P1_Y-1_U57,MXY,1,96.29448123915043,1,1,0.0,0,0,0,-9999.0,0.25,1,P0_CV0,1,0,2,2,0
1,2540470.832,712452.2021,E1_F1_m1f1_P1_Y0_UO23,R1_F1_m-1f-1_P1_Y-1_U10,R1_F1_m-1f-1_P1_Y-1_U21,FXX,2,123.42850507462286,1,0,1.0,0,0,0,-9999.0,0.5,1,P0_CV0,1,1,1,1,1
1,2540470.832,712452.2021,E1_F1_m1f1_P1_Y0_UO89,R1_F1_m-1f-1_P1_Y-1_U24,R1_F1_m-1f-1_P1_Y-1_U61,MXY,2,123.42850507462286,1,0,0.0,0,0,0,-9999.0,0.5,1,P0_CV0,1,1,1,2,0
1,2540470.832,712452.2021,E1_F1_m1f1_P1_Y0_UO11,R1_F1_m-1f-1_P1_Y-1_U4,R1_F1_m-1f-1_P1_Y-1_U12,MXY,2,123.42850507462286,1,0,0.0,0,0,0,-9999.0,1.0,1,P0_CV0,1,2,0,0,2
1,2540470.832,712452.2021,E1_F1_m1f1_P1_Y0_UO15,R1_F1_m-1f-1_P1_Y-1_U4,R1_F1_m-1f-1_P1_Y-1_U12,FXX,2,123.42850507462286,1,0,1.0,0,0,0,-9999.0,1.0,1,P0_CV0,1,2,0,1,1
1,2540470.832,712452.2021,E1_F1_m1f1_P1_Y0_UO213,R1_F1_m-1f-1_P1_Y-1_U60,R1_F1_m-1f-1_P1_Y-1_U61,MXY,2,123.42850507462286,1,0,0.0,0,0,0,-9999.0,0.25,1,P0_CV0,1,1,1,2,0
1,2540470.832,712452.2021,E1_F1_m1f1_P1_Y0_UO156,R1_F1_m-1f-1_P1_Y-1_U41,R1_F1_m-1f-1_P1_Y-1_U34,FXX,2,123.42850507462286,1,0,1.0,0,0,0,-9999.0,0.5,1,P0_CV0,1,1,1,2,0
1,2540470.832,712452.2021,E1_F1_m1f1_P1_Y0_UO110,R1_F1_m-1f-1_P1_Y-1_U29,R1_F1_m-1f-1_P1_Y-1_U2,FXX,2,123.42850507462286,1,0,1.0,0,0,0,-9999.0,0.5,1,P0_CV0,1,1,1,1,1
1,2540470.832,712452.2021,E1_F1_m-1f-1_P1_Y-1_U57,-9999,-9999,MXY,6,175.1539634971195,1,0,0.0,0,0,0,-9999.0,0.0,1,P0_CV0,1,0,2,1,1
1,2540470.832,712452.2021,Age0_F1_m1f1_P1_Y2_UO0,S1_F1_m1f1_P1_Y0_UO23,S1_F1_m1f1_P1_Y0_UO89,MXY,0,73.57428369841416,0,0,0.0,0,0,0,0.0,0.5,1,P0_CV0,1,1,1,2,0
1,2540470.832,712452.2021,Age0_F1_m1f1_P1_Y2_UO1,S1_F1_m1f1_P1_Y0_UO23,S1_F1_m1f1_P1_Y0_UO89,MXY,0,73.57428369841416,0,0,0.0,0,0,0,0.0,0.5,1,P0_CV0,1,1,1,1,1
1,2540470.832,712452.2021,Age0_F1_m1f1_P1_Y2_UO2,S1_F1_m1f1_P1_Y0_UO23,S1_F1_m1f1_P1_Y0_UO89,FXX,0,73.57428369841416,0,0,0.0,0,0,0,0.0,0.5,1,P0_CV0,1,0,2,2,0
1,2540470.832,712452.2021,Age0_F1_m1f1_P1_Y2_UO3,S1_F1_m1f1_P1_Y0_UO23,S1_F1_m1f1_P1_Y0_UO89,FXX,0,73.57428369841416,0,0,0.0,0,0,0,0.0,0.5,1,P0_CV0,1,0,2,1,1
1,2540470.832,712452.2021,Age0_F1_m1f1_P1_Y2_UO4,S1_F1_m1f1_P1_Y0_UO15,S1_F1_m-1f-1_P1_Y-1_U57,MXY,0,73.57428369841416,0,0,0.0,0,0,0,0.0,0.5,1,P0_CV0,1,1,1,0,2
1,2540470.832,712452.2021,Age0_F1_m1f1_P1_Y2_UO5,S1_F1_m1f1_P1_Y0_UO15,S1_F1_m-1f-1_P1_Y-1_U57,MXY,0,73.57428369841416,0,0,0.0,0,0,0,0.0,0.5,1,P0_CV0,1,1,1,1,1
1,2540470.832,712452.2021,Age0_F1_m1f1_P1_Y2_UO6,S1_F1_m1f1_P1_Y0_UO15,S1_F1_m-1f-1_P1_Y-1_U57,MXY,0,73.57428369841416,0,0,0.0,0,0,0,0.0,0.5,1,P0_CV0,1,1,1,1,1
1,2540470.832,712452.2021,Age0_F1_m1f1_P1_Y2_UO7,S1_F1_m1f1_P1_Y0_UO156,S1_F1_m1f1_P1_Y0_UO11,MXY,0,73.57428369841416,0,0,0.0,0,0,0,0.0,0.75,1,P0_CV0,1,2,0,1,1
1,2540470.832,712452.2021,Age0_F1_m1f1_P1_Y2_UO8,S1_F1_m1f1_P1_Y0_UO156,S1_F1_m1f1_P1_Y0_UO11,FXX,0,73.57428369841416,0,0,0.0,0,0,0,0.0,0.75,1,P0_CV0,1,1,1,1,1
1,2540470.832,712452.2021,Age0_F1_m1f1_P1_Y2_UO9,S1_F1_m1f1_P1_Y0_UO156,S1_F1_m1f1_P1_Y0_UO11,MXY,0,73.57428369841416,0,0,0.0,0,0,0,0.0,0.75,1,P0_CV0,1,2,0,1,1
1,2540470.832,712452.2021,Age0_F1_m1f1_P1_Y2_UO10,S1_F1_m1f1_P1_Y0_UO156,S1_F1_m1f1_P1_Y0_UO11,FXX,0,73.57428369841416,0,0,0.0,0,0,0,0.0,0.75,1,P0_CV0,1,2,0,1,1
1,2540470.832,712452.2021,Age0_F1_m1f1_P1_Y2_UO11,S1_F1_m1f1_P1_Y0_UO156,S1_F1_m1f1_P1_Y0_UO11,MXY,0,73.57428369841416,0,0,0.0,0,0,0,0.0,0.75,1,P0_CV0,1,2,0,1,1
1,2540470.832,712452.2021,Age0_F1_m1f1_P1_Y2_UO12,S1_F1_m1f1_P1_Y0_UO156,S1_F1_m1f1_P1_Y0_UO11,FXX,0,73.57428369841416,0,0,0.0,0,0,0,0.0,0.75,1,P0_CV0,1,2,0,1,1
1,2540470.832,712452.2021,Age0_F1_m1f1_P1_Y2_UO13,S1_F1_m1f1_P1_Y0_UO110,S1_F1_m1f1_P1_Y0_UO89,FXX,0,73.57428369841416,0,0,0.0,0,0,0,0.0,0.5,1,P0_CV0,1,0,2,1,1
1,2540470.832,712452.2021,Age0_F1_m1f1_P1_Y2_UO14,S1_F1_m1f1_P1_Y0_UO110,S1_F1_m1f1_P1_Y0_UO89,FXX,0,73.57428369841416,0,0,0.0,0,0,0,0.0,0.5,1,P0_CV0,1,2,0,1,1
1,2540470.832,712452.2021,Age0_F1_m1f1_P1_Y2_UO15,S1_F1_m1f1_P1_Y0_UO110,S1_F1_m1f1_P1_Y0_UO89,MXY,0,73.57428369841416,0,0,0.0,0,0,0,0.0,0.5,1,P0_CV0,1,0,2,1,1
1,2540470.832,712452.2021,Age0_F1_m1f1_P1_Y2_UO16,S1_F1_m1f1_P1_Y0_UO110,S1_F1_m1f1_P1_Y0_UO89,FXX,0,73.57428369841416,0,0,0.0,0,0,0,0.0,0.5,1,P0_CV0,1,1,1,2,0
1,2540470.832,712452.2021,Age0_F1_m1f1_P1_Y2_UO17,S1_F1_m1f1_P1_Y0_UO110,S1_F1_m1f1_P1_Y0_UO89,MXY,0,73.57428369841416,0,0,0.0,0,0,0,0.0,0.5,1,P0_CV0,1,2,0,2,0
3,2532969.44,705413.5711,E3_F3_m3f3_P3_Y1_UO70,S3_F3_m-1f-1_P3_Y-1_U35,S3_F3_m-1f-1_P3_Y-1_U87,FXX,1,116.32876329403197,1,1,1.0,0,0,0,-9999.0,0.5,1,P2_CV0,2,1,1,1,1
3,2532969.44,705413.5711,E3_F3_m3f3_P3_Y1_UO57,S3_F3_m-1f-1_P3_Y-1_U83,S3_F3_m-1f-1_P3_Y-1_U98,MXY,1,116.32876329403197,1,1,0.0,0,0,0,-9999.0,0.75,1,P2_CV0,2,1,1,1,1
3,2532969.44,705413.5711,E3_F3_m3f3_P3_Y1_UO167,S3_F3_m-1f-1_P3_Y-1_U66,S3_F3_m-1f-1_P3_Y-1_U90,MXY,1,116.32876329403197,1,1,0.0,0,0,0,-9999.0,0.5,1,P2_CV0,2,2,0,1,1
3,2532969.44,705413.5711,E3_F3_m3f3_P3_Y1_UO153,S3_F3_m-1f-1_P3_Y-1_U65,S3_F3_m-1f-1_P3_Y-1_U1,FXX,1,116.32876329403197,1,1,1.0,0,0,0,-9999.0,0.5,1,P2_CV0,2,2,0,1,1
3,2532969.44,705413.5711,E3_F3_m3f3_P3_Y1_UO93,S3_F3_m-1f-1_P3_Y-1_U82,S3_F3_m-1f-1_P3_Y-1_U33,FXX,1,116.32876329403197,1,1,1.0,0,0,0,-9999.0,0.5,1,P2_CV0,2,1,1,0,2
3,2532969.44,705413.5711,E3_F3_m3f3_P3_Y1_UO127,S3_F3_m-1f-1_P3_Y-1_U61,S3_F3_m-1f-1_P3_Y-1_U26,FXX,1,116.32876329403197,1,1,1.0,0,0,0,-9999.0,0.75,1,P2_CV0,2,1,1,2,0
3,2532969.44,705413.5711,E3_F3_m3f3_P3_Y1_UO162,S3_F3_m-1f-1_P3_Y-1_U66,S3_F3_m-1f-1_P3_Y-1_U90,MXY,1,116.32876329403197,1,1,0.0,0,0,0,-9999.0,0.5,1,P2_CV0,2,1,1,1,1
3,2532969.44,705413.5711,E3_F3_m3f3_P3_Y1_UO78,S3_F3_m-1f-1_P3_Y-1_U42,S3_F3_m-1f-1_P3_Y-1_U45,MXY,1,116.32876329403197,1,1,0.0,0,0,0,-9999.0,0.5,1,P2_CV0,2,1,1,0,2
3,2532969.44,705413.5711,E3_F3_m3f3_P3_Y1_UO99,S3_F3_m-1f-1_P3_Y-1_U82,S3_F3_m-1f-1_P3_Y-1_U33,MXY,1,116.32876329403197,1,1,0.0,0,0,0,-9999.0,0.5,1,P2_CV0,2,1,1,0,2
3,2532969.44,705413.5711,E3_F3_m3f3_P3_Y1_UO80,S3_F3_m-1f-1_P3_Y-1_U42,S3_F3_m-1f-1_P3_Y-1_U45,FXX,1,116.32876329403197,1,1,1.0,0,0,0,-9999.0,0.5,1,P2_CV0,2,1,1,1,1
3,2532969.44,705413.5711,E3_F3_m3f3_P3_Y1_UO110,S3_F3_m-1f-1_P3_Y-1_U70,S3_F3_m-1f-1_P3_Y-1_U72,MXY,1,116.32876329403197,1,1,0.0,0,0,0,-9999.0,0.5,1,P2_CV0,2,1,1,1,1
3,2532969.44,705413.5711,E3_F3_m3f3_P3_Y1_UO86,S3_F3_m-1f-1_P3_Y-1_U54,S3_F3_m-1f-1_P3_Y-1_U45,MXY,1,116.32876329403197,1,1,0.0,0,0,0,-9999.0,0.5,1,P2_CV0,2,1,1,1,1
3,2532969.44,705413.5711,E3_F3_m3f3_P3_Y1_UO169,S3_F3_m-1f-1_P3_Y-1_U66,S3_F3_m-1f-1_P3_Y-1_U90,FXX,1,116.32876329403197,1,1,1.0,0,0,0,-9999.0,0.5,1,P2_CV0,2,1,1,0,2
3,2532969.44,705413.5711,E3_F3_m3f3_P3_Y1_UO79,S3_F3_m-1f-1_P3_Y-1_U42,S3_F3_m-1f-1_P3_Y-1_U45,FXX,1,116.32876329403197,1,1,1.0,0,0,0,-9999.0,0.5,1,P2_CV0,2,1,1,1,1
3,2532969.44,705413.5711,E3_F3_m3f3_P3_Y1_UO119,S3_F3_m-1f-1_P3_Y-1_U61,S3_F3_m-1f-1_P3_Y-1_U26,MXY,1,116.32876329403197,1,1,0.0,0,0,0,-9999.0,0.75,1,P2_CV0,2,2,0,2,0
3,2532969.44,705413.5711,E3_F3_m3f3_P3_Y1_UO138,S3_F3_m-1f-1_P3_Y-1_U0,S3_F3_m-1f-1_P3_Y-1_U90,MXY,1,116.32876329403197,1,1,0.0,0,0,0,-9999.0,0.75,1,P2_CV0,2,2,0,0,2
3,2532969.44,705413.5711,E3_F3_m3f3_P3_Y1_UO168,S3_F3_m-1f-1_P3_Y-1_U66,S3_F3_m-1f-1_P3_Y-1_U90,FXX,1,116.32876329403197,1,1,1.0,0,0,0,-9999.0,0.5,1,P2_CV0,2,1,1,1,1
3,2532969.44,705413.5711,E3_F3_m3f3_P3_Y1_UO123,S3_F3_m-1f-1_P3_Y-1_U61,S3_F3_m-1f-1_P3_Y-1_U26,FXX,1,116.32876329403197,1,1,1.0,0,0,0,-9999.0,0.75,1,P2_CV0,2,1,1,2,0
3,2532969.44,705413.5711,E3_F3_m3f3_P3_Y1_UO106,S3_F3_m-1f-1_P3_Y-1_U70,S3_F3_m-1f-1_P3_Y-1_U72,MXY,1,116.32876329403197,1,1,0.0,0,0,0,-9999.0,0.5,1,P2_CV0,2,1,1,1,1
3,2532969.44,705413.5711,E3_F3_m3f3_P3_Y1_UO61,S3_F3_m-1f-1_P3_Y-1_U85,S3_F3_m-1f-1_P3_Y-1_U87,MXY,1,116.32876329403197,1,1,0.0,0,0,0,-9999.0,1.0,1,P2_CV0,2,2,0,2,0
3,2532969.44,705413.5711,E3_F3_m3f3_P3_Y1_UO112,S3_F3_m-1f-1_P3_Y-1_U70,S3_F3_m-1f-1_P3_Y-1_U72,FXX,1,116.32876329403197,1,1,1.0,0,0,0,-9999.0,0.5,1,P2_CV0,2,1,1,2,0
3,2532969.44,705413.5711,E3_F3_m3f3_P3_Y1_UO59,S3_F3_m-1f-1_P3_Y-1_U83,S3_F3_m-1f-1_P3_Y-1_U98,FXX,1,116.32876329403197,1,1,1.0,0,0,0,-9999.0,0.75,1,P2_CV0,2,2,0,1,1
3,2532969.44,705413.5711,E3_F3_m3f3_P3_Y1_UO154,S3_F3_m-1f-1_P3_Y-1_U65,S3_F3_m-1f-1_P3_Y-1_U1,FXX,1,116.32876329403197,1,1,1.0,0,0,0,-9999.0,0.5,1,P2_CV0,2,0,2,1,1
3,2532969.44,705413.5711,E3_F3_m3f3_P3_Y1_UO165,S3_F3_m-1f-1_P3_Y-1_U66,S3_F3_m-1f-1_P3_Y-1_U90,MXY,1,116.32876329403197,1,1,0.0,0,0,0,-9999.0,0.5,1,P2_CV0,2,1,1,0,2
3,2532969.44,705413.5711,E3_F3_m3f3_P3_Y1_UO47,S3_F3_m-1f-1_P3_Y-1_U62,S3_F3_m-1f-1_P3_Y-1_U33,MXY,1,116.32876329403197,1,1,0.0,0,0,0,-9999.0,0.75,1,P2_CV0,2,2,0,0,2
3,2532969.44,705413.5711,E3_F3_m3f3_P3_Y1_UO39,S3_F3_m-1f-1_P3_Y-1_U97,S3_F3_m-1f-1_P3_Y-1_U98,FXX,1,116.32876329403197,1,1,1.0,0,0,0,-9999.0,1.0,1,P2_CV0,2,2,0,2,0
3,2532969.44,705413.5711,E3_F3_m3f3_P3_Y1_UO97,S3_F3_m-1f-1_P3_Y-1_U82,S3_F3_m-1f-1_P3_Y-1_U33,FXX,1,116.32876329403197,1,1,1.0,0,0,0,-9999.0,0.5,1,P2_CV0,2,1,1,0,2
3,2532969.44,705413.5711,E3_F3_m3f3_P3_Y1_UO40,S3_F3_m-1f-1_P3_Y-1_U97,S3_F3_m-1f-1_P3_Y-1_U98,FXX,1,116.32876329403197,1,1,1.0,0,0,0,-9999.0,1.0,1,P2_CV0,2,2,0,1,1
3,2532969.44,705413.5711,E3_F3_m3f3_P3_Y1_UO166,S3_F3_m-1f-1_P3_Y-1_U66,S3_F3_m-1f-1_P3_Y-1_U90,FXX,1,116.32876329403197,1,1,1.0,0,0,0,-9999.0,0.5,1,P2_CV0,2,2,0,1,1
3,2532969.44,705413.5711,E3_F3_m3f3_P3_Y1_UO49,S3_F3_m-1f-1_P3_Y-1_U51,S3_F3_m-1f-1_P3_Y-1_U57,MXY,1,116.32876329403197,1,1,0.0,0,0,0,-9999.0,0.25,1,P2_CV0,2,1,1,1,1
3,2532969.44,705413.5711,E3_F3_m3f3_P3_Y1_UO109,S3_F3_m-1f-1_P3_Y-1_U70,S3_F3_m-1f-1_P3_Y-1_U72,FXX,1,116.32876329403197,1,1,1.0,0,0,0,-9999.0,0.5,1,P2_CV0,2,1,1,2,0
3,2532969.44,705413.5711,E3_F3_m3f3_P3_Y1_UO72,S3_F3_m-1f-1_P3_Y-1_U42,S3_F3_m-1f-1_P3_Y-1_U45,MXY,1,116.32876329403197,1,1,0.0,0,0,0,-9999.0,0.5,1,P2_CV0,2,1,1,1,1
3,2532969.44,705413.5711,E3_F3_m3f3_P3_Y1_UO65,S3_F3_m-1f-1_P3_Y-1_U85,S3_F3_m-1f-1_P3_Y-1_U87,FXX,1,116.32876329403197,1,1,1.0,0,0,0,-9999.0,1.0,1,P2_CV0,2,2,0,2,0
3,2532969.44,705413.5711,E3_F3_m3f3_P3_Y1_UO141,S3_F3_m-1f-1_P3_Y-1_U0,S3_F3_m-1f-1_P3_Y-1_U90,MXY,1,116.32876329403197,1,1,0.0,0,0,0,-9999.0,0.75,1,P2_CV0,2,2,0,1,1
3,2532969.44,705413.5711,E3_F3_m3f3_P3_Y0_UO242,R3_F3_m-1f-1_P3_Y-1_U2,R3_F3_m-1f-1_P3_Y-1_U40,FXX,2,138.10672943519438,1,0,1.0,0,0,0,-9999.0,0.25,1,P2_CV0,2,0,2,2,0
3,2532969.44,705413.5711,E3_F3_m3f3_P3_Y0_UO387,R3_F3_m-1f-1_P3_Y-1_U48,R3_F3_m-1f-1_P3_Y-1_U59,FXX,2,138.10672943519438,1,0,1.0,0,0,0,-9999.0,0.0,1,P2_CV0,2,0,2,1,1
3,2532969.44,705413.5711,E3_F3_m3f3_P3_Y0_UO556,R3_F3_m-1f-1_P3_Y-1_U94,R3_F3_m-1f-1_P3_Y-1_U43,FXX,2,138.10672943519438,1,0,1.0,0,0,0,-9999.0,0.75,1,P2_CV0,2,2,0,2,0
3,2532969.44,705413.5711,E3_F3_m3f3_P3_Y0_UO233,R3_F3_m-1f-1_P3_Y-1_U0,R3_F3_m-1f-1_P3_Y-1_U38,FXX,2,138.10672943519438,1,0,1.0,0,0,0,-9999.0,0.5,1,P2_CV0,2,1,1,1,1
3,2532969.44,705413.5711,E3_F3_m3f3_P3_Y0_UO228,R3_F3_m-1f-1_P3_Y-1_U0,R3_F3_m-1f-1_P3_Y-1_U38,FXX,2,138.10672943519438,1,0,1.0,0,0,0,-9999.0,0.5,1,P2_CV0,2,1,1,1,1
3,2532969.44,705413.5711,E3_F3_m3f3_P3_Y0_UO484,R3_F3_m-1f-1_P3_Y-1_U70,R3_F3_m-1f-1_P3_Y-1_U12,FXX,2,138.10672943519438,1,0,1.0,0,0,0,-9999.0,1.0,1,P2_CV0,2,2,0,1,1
3,2532969.44,705413.5711,E3_F3_m3f3_P3_Y0_UO351,R3_F3_m-1f-1_P3_Y-1_U36,R3_F3_m-1f-1_P3_Y-1_U6,MXY,2,138.10672943519438,1,0,0.0,0,0,0,-9999.0,0.5,1,P2_CV0,2,0,2,0,2
3,2532969.44,705413.5711,E3_F3_m3f3_P3_Y0_UO303,R3_F3_m-1f-1_P3_Y-1_U18,R3_F3_m-1f-1_P3_Y-1_U12,FXX,2,138.10672943519438,1,0,1.0,0,0,0,-9999.0,1.0,1,P2_CV0,2,2,0,0,2
3,2532969.44,705413.5711,E3_F3_m3f3_P3_Y0_UO521,R3_F3_m-1f-1_P3_Y-1_U81,R3_F3_m-1f-1_P3_Y-1_U80,MXY,2,138.10672943519438,1,0,0.0,0,0,0,-9999.0,0.25,1,P2_CV0,2,1,1,1,1
3,2532969.44,705413.5711,E3_F3_m3f3_P3_Y0_UO561,R3_F3_m-1f-1_P3_Y-1_U95,R3_F3_m-1f-1_P3_Y-1_U57,MXY,2,138.10672943519438,1,0,0.0,0,0,0,-9999.0,0.5,1,P2_CV0,2,1,1,0,2
3,2532969.44,705413.5711,E3_F3_m3f3_P3_Y0_UO405,R3_F3_m-1f-1_P3_Y-1_U50,R3_F3_m-1f-1_P3_Y-1_U34,FXX,2,138.10672943519438,1,0,1.0,0,0,0,-9999.0,0.75,1,P2_CV0,2,2,0,2,0
3,2532969.44,705413.5711,E3_F3_m3f3_P3_Y0_UO452,R3_F3_m-1f-1_P3_Y-1_U63,R3_F3_m-1f-1_P3_Y-1_U87,FXX,2,138.10672943519438,1,0,1.0,0,0,0,-9999.0,0.75,1,P2_CV0,2,1,1,1,1
3,2532969.44,705413.5711,E3_F3_m3f3_P3_Y0_UO382,R3_F3_m-1f-1_P3_Y-1_U47,R3_F3_m-1f-1_P3_Y-1_U45,MXY,2,138.10672943519438,1,0,0.0,0,0,0,-9999.0,0.75,1,P2_CV0,2,2,0,0,2
3,2532969.44,705413.5711,E3_F3_m3f3_P3_Y0_UO296,R3_F3_m-1f-1_P3_Y-1_U17,R3_F3_m-1f-1_P3_Y-1_U40,MXY,2,138.10672943519438,1,0,0.0,0,0,0,-9999.0,0.25,1,P2_CV0,2,0,2,2,0
3,2532969.44,705413.5711,E3_F3_m3f3_P3_Y0_UO441,R3_F3_m-1f-1_P3_Y-1_U58,R3_F3_m-1f-1_P3_Y-1_U20,FXX,2,138.10672943519438,1,0,1.0,0,0,0,-9999.0,0.25,1,P2_CV0,2,1,1,1,1
3,2532969.44,705413.5711,E3_F3_m3f3_P3_Y0_UO279,R3_F3_m-1f-1_P3_Y-1_U14,R3_F3_m-1f-1_P3_Y-1_U89,FXX,2,138.10672943519438,1,0,1.0,0,0,0,-9999.0,0.75,1,P2_CV0,2,2,0,2,0
3,2532969.44,705413.5711,E3_F3_m3f3_P3_Y0_UO439,R3_F3_m-1f-1_P3_Y-1_U58,R3_F3_m-1f-1_P3_Y-1_U20,MXY,2,138.10672943519438,1,0,0.0,0,0,0,-9999.0,0.25,1,P2_CV0,2,1,1,1,1
3,2532969.44,705413.5711,E3_F3_m3f3_P3_Y0_UO386,R3_F3_m-1f-1_P3_Y-1_U48,R3_F3_m-1f-1_P3_Y-1_U59,MXY,2,138.10672943519438,1,0,0.0,0,0,0,-9999.0,0.0,1,P2_CV0,2,0,2,1,1
3,2532969.44,705413.5711,E3_F3_m3f3_P3_Y0_UO370,R3_F3_m-1f-1_P3_Y-1_U42,R3_F3_m-1f-1_P3_Y-1_U72,FXX,2,138.10672943519438,1,0,1.0,0,0,0,-9999.0,0.0,1,P2_CV0,2,0,2,1,1
3,2532969.44,705413.5711,E3_F3_m3f3_P3_Y0_UO435,R3_F3_m-1f-1_P3_Y-1_U58,R3_F3_m-1f-1_P3_Y-1_U20,FXX,2,138.10672943519438,1,0,1.0,0,0,0,-9999.0,0.25,1,P2_CV0,2,1,1,1,1
3,2532969.44,705413.5711,E3_F3_m3f3_P3_Y0_UO389,R3_F3_m-1f-1_P3_Y-1_U48,R3_F3_m-1f-1_P3_Y-1_U59,MXY,2,138.10672943519438,1,0,0.0,0,0,0,-9999.0,0.0,1,P2_CV0,2,0,2,2,0
3,2532969.44,705413.5711,E3_F3_m3f3_P3_Y0_UO566,R3_F3_m-1f-1_P3_Y-1_U99,R3_F3_m-1f-1_P3_Y-1_U59,FXX,2,138.10672943519438,1,0,1.0,0,0,0,-9999.0,0.0,1,P2_CV0,2,0,2,0,2
3,2532969.44,705413.5711,E3_F3_m3f3_P3_Y0_UO237,R3_F3_m-1f-1_P3_Y-1_U0,R3_F3_m-1f-1_P3_Y-1_U38,FXX,2,138.10672943519438,1,0,1.0,0,0,0,-9999.0,0.5,1,P2_CV0,2,1,1,1,1
3,2532969.44,705413.5711,E3_F3_m3f3_P3_Y0_UO455,R3_F3_m-1f-1_P3_Y-1_U65,R3_F3_m-1f-1_P3_Y-1_U7,MXY,2,138.10672943519438,1,0,0.0,0,0,0,-9999.0,0.5,1,P2_CV0,2,2,0,0,2
3,2532969.44,705413.5711,E3_F3_m3f3_P3_Y0_UO563,R3_F3_m-1f-1_P3_Y-1_U95,R3_F3_m-1f-1_P3_Y-1_U57,MXY,2,138.10672943519438,1,0,0.0,0,0,0,-9999.0,0.5,1,P2_CV0,2,1,1,1,1
3,2532969.44,705413.5711,E3_F3_m3f3_P3_Y0_UO281,R3_F3_m-1f-1_P3_Y-1_U14,R3_F3_m-1f-1_P3_Y-1_U89,FXX,2,138.10672943519438,1,0,1.0,0,0,0,-9999.0,0.75,1,P2_CV0,2,1,1,2,0
3,2532969.44,705413.5711,Age0_F3_m3f3_P3_Y2_UO18,S3_F3_m3f3_P3_Y0_UO242,S3_F3_m3f3_P3_Y0_UO386,MXY,0,85.1113148267257,0,0,0.0,0,0,0,0.0,0.125,1,P2_CV0,2,0,2,2,0
3,2532969.44,705413.5711,Age0_F3_m3f3_P3_Y2_UO19,S3_F3_m3f3_P3_Y0_UO242,S3_F3_m3f3_P3_Y0_UO386,FXX,0,85.1113148267257,0,0,0.0,0,0,0,0.0,0.125,1,P2_CV0,2,0,2,2,0
3,2532969.44,705413.5711,Age0_F3_m3f3_P3_Y2_UO20,S3_F3_m3f3_P3_Y0_UO242,S3_F3_m3f3_P3_Y0_UO386,FXX,0,85.1113148267257,0,0,0.0,0,0,0,0.0,0.125,1,P2_CV0,2,0,2,2,0
3,2532969.44,705413.5711,Age0_F3_m3f3_P3_Y2_UO21,S3_F3_m3f3_P3_Y0_UO242,S3_F3_m3f3_P3_Y0_UO386,FXX,0,85.1113148267257,0,0,0.0,0,0,0,0.0,0.125,1,P2_CV0,2,0,2,1,1
3,2532969.44,705413.5711,Age0_F3_m3f3_P3_Y2_UO22,S3_F3_m3f3_P3_Y0_UO242,S3_F3_m3f3_P3_Y0_UO386,FXX,0,85.1113148267257,0,0,0.0,0,0,0,0.0,0.125,1,P2_CV0,2,0,2,2,0
3,2532969.44,705413.5711,Age0_F3_m3f3_P3_Y2_UO23,S3_F3_m3f3_P3_Y0_UO242,S3_F3_m3f3_P3_Y0_UO386,MXY,0,85.1113148267257,0,0,0.0,0,0,0,0.0,0.125,1,P2_CV0,2,0,2,2,0
3,2532969.44,705413.5711,Age0_F3_m3f3_P3_Y2_UO24,S3_F3_m3f3_P3_Y0_UO242,S3_F3_m3f3_P3_Y0_UO386,MXY,0,85.1113148267257,0,0,0.0,0,0,0,0.0,0.125,1,P2_CV0,2,0,2,1,1
3,2532969.44,705413.5711,Age0_F3_m3f3_P3_Y2_UO25,S3_F3_m3f3_P3_Y0_UO387,S3_F3_m3f3_P3_Y0_UO455,MXY,0,85.1113148267257,0,0,0.0,0,0,0,0.0,0.25,1,P2_CV0,2,1,1,0,2
3,2532969.44,705413.5711,Age0_F3_m3f3_P3_Y2_UO26,S3_F3_m3f3_P3_Y0_UO387,S3_F3_m3f3_P3_Y0_UO455,MXY,0,85.1113148267257,0,0,0.0,0,0,0,0.0,0.25,1,P2_CV0,2,1,1,1,1
3,2532969.44,705413.5711,Age0_F3_m3f3_P3_Y2_UO27,S3_F3_m3f3_P3_Y0_UO387,S3_F3_m3f3_P3_Y0_UO455,MXY,0,85.1113148267257,0,0,0.0,0,0,0,0.0,0.25,1,P2_CV0,2,1,1,0,2
3,2532969.44,705413.5711,Age0_F3_m3f3_P3_Y2_UO28,S3_F3_m3f3_P3_Y0_UO387,S3_F3_m3f3_P3_Y0_UO455,MXY,0,85.1113148267257,0,0,0.0,0,0,0,0.0,0.25,1,P2_CV0,2,1,1,1,1
3,2532969.44,705413.5711,Age0_F3_m3f3_P3_Y2_UO29,S3_F3_m3f3_P3_Y0_UO387,S3_F3_m3f3_P3_Y0_UO455,MXY,0,85.1113148267257,0,0,0.0,0,0,0,0.0,0.25,1,P2_CV0,2,1,1,1,1
3,2532969.44,705413.5711,Age0_F3_m3f3_P3_Y2_UO30,S3_F3_m3f3_P3_Y0_UO556,S3_F3_m3f3_P3_Y0_UO521,MXY,0,85.1113148267257,0,0,0.0,0,0,0,0.0,0.5,1,P2_CV0,2,1,1,2,0
3,2532969.44,705413.5711,Age0_F3_m3f3_P3_Y2_UO31,S3_F3_m3f3_P3_Y0_UO556,S3_F3_m3f3_P3_Y0_UO521,FXX,0,85.1113148267257,0,0,0.0,0,0,0,0.0,0.5,1,P2_CV0,2,1,1,1,1
3,2532969.44,705413.5711,Age0_F3_m3f3_P3_Y2_UO32,S3_F3_m3f3_P3_Y0_UO556,S3_F3_m3f3_P3_Y0_UO521,FXX,0,85.1113148267257,0,0,0.0,0,0,0,0.0,0.5,1,P2_CV0,2,1,1,1,1
3,2532969.44,705413.5711,Age0_F3_m3f3_P3_Y2_UO33,S3_F3_m3f3_P3_Y0_UO556,S3_F3_m3f3_P3_Y0_UO521,MXY,0,85.1113148267257,0,0,0.0,0,0,0,0.0,0.5,1,P2_CV0,2,1,1,2,0
3,2532969.44,705413.5711,Age0_F3_m3f3_P3_Y2_UO34,S3_F3_m3f3_P3_Y0_UO233,S3_F3_m3f3_P3_Y0_UO382,MXY,0,85.1113148267257,0,0,0.0,0,0,0,0.0,0.625,1,P2_CV0,2,2,0,0,2
3,2532969.44,705413.5711,Age0_F3_m3f3_P3_Y2_UO35,S3_F3_m3f3_P3_Y0_UO233,S3_F3_m3f3_P3_Y0_UO382,MXY,0,85.1113148267257,0,0,0.0,0,0,0,0.0,0.625,1,P2_CV0,2,2,0,0,2
3,2532969.44,705413.5711,Age0_F3_m3f3_P3_Y2_UO36,S3_F3_m3f3_P3_Y0_UO233,S3_F3_m3f3_P3_Y0_UO382,MXY,0,85.1113148267257,0,0,0.0,0,0,0,0.0,0.625,1,P2_CV0,2,2,0,1,1
3,2532969.44,705413.5711,Age0_F3_m3f3_P3_Y2_UO37,S3_F3_m3f3_P3_Y0_UO233,S3_F3_m3f3_P3_Y0_UO382,FXX,0,85.1113148267257,0,0,0.0,0,0,0,0.0,0.625,1,P2_CV0,2,2,0,0,2
3,2532969.44,705413.5711,Age0_F3_m3f3_P3_Y2_UO38,S3_F3_m3f3_P3_Y0_UO233,S3_F3_m3f3_P3_Y0_UO382,MXY,0,85.1113148267257,0,0,0.0,0,0,0,0.0,0.625,1,P2_CV0,2,2,0,0,2
3,2532969.44,705413.5711,Age0_F3_m3f3_P3_Y2_UO39,S3_F3_m3f3_P3_Y0_UO228,S3_F3_m3f3_P3_Y0_UO386,FXX,0,85.1113148267257,0,0,0.0,0,0,0,0.0,0.25,1,P2_CV0,2,1,1,1,1
3,2532969.44,705413.5711,Age0_F3_m3f3_P3_Y2_UO40,S3_F3_m3f3_P3_Y0_UO228,S3_F3_m3f3_P3_Y0_UO386,FXX,0,85.1113148267257,0,0,0.0,0,0,0,0.0,0.25,1,P2_CV0,2,1,1,0,2
3,2532969.44,705413.5711,Age0_F3_m3f3_P3_Y2_UO41,S3_F3_m3f3_P3_Y0_UO228,S3_F3_m3f3_P3_Y0_UO386,MXY,0,85.1113148267257,0,0,0.0,0,0,0,0.0,0.25,1,P2_CV0,2,1,1,2,0
3,2532969.44,705413.5711,Age0_F3_m3f3_P3_Y2_UO42,S3_F3_m3f3_P3_Y0_UO228,S3_F3_m3f3_P3_Y0_UO386,MXY,0,85.1113148267257,0,0,0.0,0,0,0,0.0,0.25,1,P2_CV0,2,1,1,1,1
3,2532969.44,705413.5711,Age0_F3_m3f3_P3_Y2_UO43,S3_F3_m3f3_P3_Y0_UO228,S3_F3_m3f3_P3_Y0_UO386,MXY,0,85.1113148267257,0,0,0.0,0,0,0,0.0,0.25,1,P2_CV0,2,0,2,2,0
3,2532969.44,705413.5711,Age0_F3_m3f3_P3_Y2_UO44,S3_F3_m3f3_P3_Y0_UO484,S3_F3_m3f3_P3_Y0_UO561,MXY,0,85.1113148267257,0,0,0.0,0,0,0,0.0,0.75,1,P2_CV0,2,2,0,1,1
3,2532969.44,705413.5711,Age0_F3_m3f3_P3_Y2_UO45,S3_F3_m3f3_P3_Y0_UO484,S3_F3_m3f3_P3_Y0_UO561,FXX,0,85.1113148267257,0,0,0.0,0,0,0,0.0,0.75,1,P2_CV0,2,1,1,1,1
3,2532969.44,705413.5711,Age0_F3_m3f3_P3_Y2_UO46,S3_F3_m3f3_P3_Y0_UO484,S3_F3_m3f3_P3_Y0_UO561,FXX,0,85.1113148267257,0,0,0.0,0,0,0,0.0,0.75,1,P2_CV0,2,2,0,0,2
3,2532969.44,705413.5711,Age0_F3_m3f3_P3_Y2_UO47,S3_F3_m3f3_P3_Y0_UO484,S3_F3_m3f3_P3_Y0_UO561,MXY,0,85.1113148267257,0,0,0.0,0,0,0,0.0,0.75,1,P2_CV0,2,2,0,1,1
3,2532969.44,705413.5711,Age0_F3_m3f3_P3_Y2_UO48,S3_F3_m3f3_P3_Y0_UO484,S3_F3_m3f3_P3_Y0_UO561,MXY,0,85.1113148267257,0,0,0.0,0,0,0,0.0,0.75,1,P2_CV0,2,1,1,1,1
3,2532969.44,705413.5711,Age0_F3_m3f3_P3_Y2_UO49,S3_F3_m3f3_P3_Y0_UO484,S3_F3_m3f3_P3_Y0_UO561,MXY,0,85.1113148267257,0,0,0.0,0,0,0,0.0,0.75,1,P2_CV0,2,2,0,1,1
3,2532969.44,705413.5711,Age0_F3_m3f3_P3_Y2_UO50,S3_F3_m3f3_P3_Y0_UO484,S3_F3_m3f3_P3_Y0_UO561,MXY,0,85.1113148267257,0,0,0.0,0,0,0,0.0,0.75,1,P2_CV0,2,1,1,0,2
3,2532969.44,705413.5711,Age0_F3_m3f3_P3_Y2_UO51,S3_F3_m3f3_P3_Y0_UO303,S3_F3_m3f3_P3_Y0_UO439,MXY,0,85.1113148267257,0,0,0.0,0,0,0,0.0,0.625,1,P2_CV0,2,1,1,0,2
3,2532969.44,705413.5711,Age0_F3_m3f3_P3_Y2_UO52,S3_F3_m3f3_P3_Y0_UO303,S3_F3_m3f3_P3_Y0_UO439,FXX,0,85.1113148267257,0,0,0.0,0,0,0,0.0,0.625,1,P2_CV0,2,2,0,1,1
3,2532969.44,705413.5711,Age0_F3_m3f3_P3_Y2_UO53,S3_F3_m3f3_P3_Y0_UO303,S3_F3_m3f3_P3_Y0_UO439,FXX,0,85.1113148267257,0,0,0.0,0,0,0,0.0,0.625,1,P2_CV0,2,1,1,1,1
3,2532969.44,705413.5711,Age0_F3_m3f3_P3_Y2_UO54,S3_F3_m3f3_P3_Y0_UO303,S3_F3_m3f3_P3_Y0_UO439,FXX,0,85.1113148267257,0,0,0.0,0,0,0,0.0,0.625,1,P2_CV0,2,2,0,0,2
3,2532969.44,705413.5711,Age0_F3_m3f3_P3_Y2_UO55,S3_F3_m3f3_P3_Y0_UO303,S3_F3_m3f3_P3_Y0_UO439,FXX,0,85.1113148267257,0,0,0.0,0,0,0,0.0,0.625,1,P2_CV0,2,1,1,0,2
3,2532969.44,705413.5711,Age0_F3_m3f3_P3_Y2_UO56,S3_F3_m3f3_P3_Y0_UO405,S3_F3_m3f3_P3_Y0_UO563,MXY,0,85.1113148267257,0,0,0.0,0,0,0,0.0,0.625,1,P2_CV0,2,2,0,2,0
3,2532969.44,705413.5711,Age0_F3_m3f3_P3_Y2_UO57,S3_F3_m3f3_P3_Y0_UO405,S3_F3_m3f3_P3_Y0_UO563,MXY,0,85.1113148267257,0,0,0.0,0,0,0,0.0,0.625,1,P2_CV0,2,1,1,2,0
3,2532969.44,705413.5711,Age0_F3_m3f3_P3_Y2_UO58,S3_F3_m3f3_P3_Y0_UO405,S3_F3_m3f3_P3_Y0_UO563,MXY,0,85.1113148267257,0,0,0.0,0,0,0,0.0,0.625,1,P2_CV0,2,2,0,2,0
3,2532969.44,705413.5711,Age0_F3_m3f3_P3_Y2_UO59,S3_F3_m3f3_P3_Y0_UO405,S3_F3_m3f3_P3_Y0_UO563,MXY,0,85.1113148267257,0,0,0.0,0,0,0,0.0,0.625,1,P2_CV0,2,1,1,2,0
3,2532969.44,705413.5711,Age0_F3_m3f3_P3_Y2_UO60,S3_F3_m3f3_P3_Y0_UO405,S3_F3_m3f3_P3_Y0_UO563,FXX,0,85.1113148267257,0,0,0.0,0,0,0,0.0,0.625,1,P2_CV0,2,1,1,2,0
3,2532969.44,705413.5711,Age0_F3_m3f3_P3_Y2_UO61,S3_F3_m3f3_P3_Y0_UO405,S3_F3_m3f3_P3_Y0_UO563,FXX,0,85.1113148267257,0,0,0.0,0,0,0,0.0,0.625,1,P2_CV0,2,2,0,1,1
3,2532969.44,705413.5711,Age0_F3_m3f3_P3_Y2_UO62,S3_F3_m3f3_P3_Y0_UO405,S3_F3_m3f3_P3_Y0_UO563,MXY,0,85.1113148267257,0,0,0.0,0,0,0,0.0,0.625,1,P2_CV0,2,2,0,2,0
3,2532969.44,705413.5711,Age0_F3_m3f3_P3_Y2_UO63,S3_F3_m3f3_P3_Y0_UO452,S3_F3_m3f3_P3_Y0_UO439,MXY,0,85.1113148267257,0,0,0.0,0,0,0,0.0,0.5,1,P2_CV0,2,0,2,0,2
3,2532969.44,705413.5711,Age0_F3_m3f3_P3_Y2_UO64,S3_F3_m3f3_P3_Y0_UO452,S3_F3_m3f3_P3_Y0_UO439,FXX,0,85.1113148267257,0,0,0.0,0,0,0,0.0,0.5,1,P2_CV0,2,1,1,0,2
3,2532969.44,705413.5711,Age0_F3_m3f3_P3_Y2_UO65,S3_F3_m3f3_P3_Y0_UO452,S3_F3_m3f3_P3_Y0_UO439,MXY,0,85.1113148267257,0,0,0.0,0,0,0,0.0,0.5,1,P2_CV0,2,0,2,1,1
3,2532969.44,705413.5711,Age0_F3_m3f3_P3_Y2_UO66,S3_F3_m3f3_P3_Y0_UO452,S3_F3_m3f3_P3_Y0_UO439,MXY,0,85.1113148267257,0,0,0.0,0,0,0,0.0,0.5,1,P2_CV0,2,2,0,2,0
3,2532969.44,705413.5711,Age0_F3_m3f3_P3_Y2_UO67,S3_F3_m3f3_P3_Y0_UO441,S3_F3_m3f3_P3_Y0_UO382,FXX,0,85.1113148267257,0,0,0.0,0,0,0,0.0,0.5,1,P2_CV0,2,1,1,1,1
3,2532969.44,705413.5711,Age0_F3_m3f3_P3_Y2_UO68,S3_F3_m3f3_P3_Y0_UO441,S3_F3_m3f3_P3_Y0_UO382,MXY,0,85.1113148267257,0,0,0.0,0,0,0,0.0,0.5,1,P2_CV0,2,1,1,0,2
3,2532969.44,705413.5711,Age0_F3_m3f3_P3_Y2_UO69,S3_F3_m3f3_P3_Y0_UO441,S3_F3_m3f3_P3_Y0_UO382,MXY,0,85.1113148267257,0,0,0.0,0,0,0,0.0,0.5,1,P2_CV0,2,2,0,0,2
3,2532969.44,705413.5711,Age0_F3_m3f3_P3_Y2_UO70,S3_F3_m3f3_P3_Y0_UO441,S3_F3_m3f3_P3_Y0_UO382,MXY,0,85.1113148267257,0,0,0.0,0,0,0,0.0,0.5,1,P2_CV0,2,1,1,0,2
3,2532969.44,705413.5711,Age0_F3_m3f3_P3_Y2_UO71,S3_F3_m3f3_P3_Y0_UO279,S3_F3_m3f3_P3_Y0_UO563,FXX,0,85.1113148267257,0,0,0.0,0,0,0,0.0,0.625,1,P2_CV0,2,1,1,2,0
3,2532969.44,705413.5711,Age0_F3_m3f3_P3_Y2_UO72,S3_F3_m3f3_P3_Y0_UO279,S3_F3_m3f3_P3_Y0_UO563,FXX,0,85.1113148267257,0,0,0.0,0,0,0,0.0,0.625,1,P2_CV0,2,1,1,1,1
3,2532969.44,705413.5711,Age0_F3_m3f3_P3_Y2_UO73,S3_F3_m3f3_P3_Y0_UO279,S3_F3_m3f3_P3_Y0_UO563,FXX,0,85.1113148267257,0,0,0.0,0,0,0,0.0,0.625,1,P2_CV0,2,2,0,1,1
3,2532969.44,705413.5711,Age0_F3_m3f3_P3_Y2_UO74,S3_F3_m3f3_P3_Y0_UO279,S3_F3_m3f3_P3_Y0_UO563,MXY,0,85.1113148267257,0,0,0.0,0,0,0,0.0,0.625,1,P2_CV0,2,2,0,1,1
3,2532969.44,705413.5711,Age0_F3_m3f3_P3_Y2_UO75,S3_F3_m3f3_P3_Y0_UO279,S3_F3_m3f3_P3_Y0_UO563,MXY,0,85.1113148267257,0,0,0.0,0,0,0,0.0,0.625,1,P2_CV0,2,2,0,1,1
3,2532969.44,705413.5711,Age0_F3_m3f3_P3_Y2_UO76,S3_F3_m3f3_P3_Y0_UO279,S3_F3_m3f3_P3_Y0_UO563,MXY,0,85.1113148267257,0,0,0.0,0,0,0,0.0,0.625,1,P2_CV0,2,1,1,1,1
3,2532969.44,705413.5711,Age0_F3_m3f3_P3_Y2_UO77,S3_F3_m3f3_P3_Y0_UO279,S3_F3_m3f3_P3_Y0_UO563,FXX,0,85.1113148267257,0,0,0.0,0,0,0,0.0,0.625,1,P2_CV0,2,1,1,2,0
3,2532969.44,705413.5711,Age0_F3_m3f3_P3_Y2_UO78,S3_F3_m3f3_P3_Y0_UO279,S3_F3_m3f3_P3_Y0_UO563,MXY,0,85.1113148267257,0,0,0.0,0,0,0,0.0,0.625,1,P2_CV0,2,2,0,2,0
3,2532969.44,705413.5711,Age0_F3_m3f3_P3_Y2_UO79,S3_F3_m3f3_P3_Y0_UO370,S3_F3_m3f3_P3_Y0_UO389,FXX,0,85.1113148267257,0,0,0.0,0,0,0,0.0,0.0,1,P2_CV0,2,0,2,2,0
3,2532969.44,705413.5711,Age0_F3_m3f3_P3_Y2_UO80,S3_F3_m3f3_P3_Y0_UO370,S3_F3_m3f3_P3_Y0_UO389,FXX,0,85.1113148267257,0,0,0.0,0,0,0,0.0,0.0,1,P2_CV0,2,0,2,2,0
3,2532969.44,705413.5711,Age0_F3_m3f3_P3_Y2_UO81,S3_F3_m3f3_P3_Y0_UO370,S3_F3_m3f3_P3_Y0_UO389,MXY,0,85.1113148267257,0,0,0.0,0,0,0,0.0,0.0,1,P2_CV0,2,0,2,2,0
3,2532969.44,705413.5711,Age0_F3_m3f3_P3_Y2_UO82,S3_F3_m3f3_P3_Y0_UO370,S3_F3_m3f3_P3_Y0_UO389,FXX,0,85.1113148267257,0,0,0.0,0,0,0,0.0,0.0,1,P2_CV0,2,0,2,1,1
3,2532969.44,705413.5711,Age0_F3_m3f3_P3_Y2_UO83,S3_F3_m3f3_P3_Y0_UO370,S3_F3_m3f3_P3_Y0_UO389,FXX,0,85.1113148267257,0,0,0.0,0,0,0,0.0,0.0,1,P2_CV0,2,0,2,2,0
3,2532969.44,705413.5711,Age0_F3_m3f3_P3_Y2_UO84,S3_F3_m3f3_P3_Y0_UO370,S3_F3_m3f3_P3_Y0_UO389,MXY,0,85.1113148267257,0,0,0.0,0,0,0,0.0,0.0,1,P2_CV0,2,0,2,2,0
3,2532969.44,705413.5711,Age0_F3_m3f3_P3_Y2_UO85,S3_F3_m3f3_P3_Y0_UO370,S3_F3_m3f3_P3_Y0_UO389,MXY,0,85.1113148267257,0,0,0.0,0,0,0,0.0,0.0,1,P2_CV0,2,0,2,2,0
3,2532969.44,705413.5711,Age0_F3_m3f3_P3_Y2_UO86,S3_F3_m3f3_P3_Y0_UO370,S3_F3_m3f3_P3_Y0_UO389,MXY,0,85.1113148267257,0,0,0.0,0,0,0,0.0,0.0,1,P2_CV0,2,0,2,1,1
3,2532969.44,705413.5711,Age0_F3_m3f3_P3_Y2_UO87,S3_F3_m3f3_P3_Y0_UO370,S3_F3_m3f3_P3_Y0_UO389,FXX,0,85.1113148267257,0,0,0.0,0,0,0,0.0,0.0,1,P2_CV0,2,0,2,2,0
3,2532969.44,705413.5711,Age0_F3_m3f3_P3_Y2_UO88,S3_F3_m3f3_P3_Y0_UO435,S3_F3_m3f3_P3_Y0_UO382,FXX,0,85.1113148267257,0,0,0.0,0,0,0,0.0,0.5,1,P2_CV0,2,2,0,1,1
3,2532969.44,705413.5711,Age0_F3_m3f3_P3_Y2_UO89,S3_F3_m3f3_P3_Y0_UO435,S3_F3_m3f3_P3_Y0_UO382,FXX,0,85.1113148267257,0,0,0.0,0,0,0,0.0,0.5,1,P2_CV0,2,1,1,1,1
3,2532969.44,705413.5711,Age0_F3_m3f3_P3_Y2_UO90,S3_F3_m3f3_P3_Y0_UO435,S3_F3_m3f3_P3_Y0_UO382,MXY,0,85.1113148267257,0,0,0.0,0,0,0,0.0,0.5,1,P2_CV0,2,2,0,0,2
3,2532969.44,705413.5711,Age0_F3_m3f3_P3_Y2_UO91,S3_F3_m3f3_P3_Y0_UO435,S3_F3_m3f3_P3_Y0_UO382,FXX,0,85.1113148267257,0,0,0.0,0,0,0,0.0,0.5,1,P2_CV0,2,1,1,0,2
3,2532969.44,705413.5711,Age0_F3_m3f3_P3_Y2_UO92,S3_F3_m3f3_P3_Y0_UO566,S3_F3_m3f3_P3_Y0_UO386,FXX,0,85.1113148267257,0,0,0.0,0,0,0,0.0,0.0,1,P2_CV0,2,0,2,1,1
3,2532969.44,705413.5711,Age0_F3_m3f3_P3_Y2_UO93,S3_F3_m3f3_P3_Y0_UO566,S3_F3_m3f3_P3_Y0_UO386,FXX,0,85.1113148267257,0,0,0.0,0,0,0,0.0,0.0,1,P2_CV0,2,0,2,0,2
3,2532969.44,705413.5711,Age0_F3_m3f3_P3_Y2_UO94,S3_F3_m3f3_P3_Y0_UO566,S3_F3_m3f3_P3_Y0_UO386,FXX,0,85.1113148267257,0,0,0.0,0,0,0,0.0,0.0,1,P2_CV0,2,0,2,1,1
3,2532969.44,705413.5711,Age0_F3_m3f3_P3_Y2_UO95,S3_F3_m3f3_P3_Y0_UO566,S3_F3_m3f3_P3_Y0_UO386,FXX,0,85.1113148267257,0,0,0.0,0,0,0,0.0,0.0,1,P2_CV0,2,0,2,1,1
3,2532969.44,705413.5711,Age0_F3_m3f3_P3_Y2_UO96,S3_F3_m3f3_P3_Y0_UO566,S3_F3_m3f3_P3_Y0_UO386,MXY,0,85.1113148267257,0,0,0.0,0,0,0,0.0,0.0,1,P2_CV0,2,0,2,0,2
3,2532969.44,705413.5711,Age0_F3_m3f3_P3_Y2_UO97,S3_F3_m3f3_P3_Y0_UO566,S3_F3_m3f3_P3_Y0_UO386,FXX,0,85.1113148267257,0,0,0.0,0,0,0,0.0,0.0,1,P2_CV0,2,0,2,1,1
3,2532969.44,705413.5711,Age0_F3_m3f3_P3_Y2_UO98,S3_F3_m3f3_P3_Y0_UO237,S3_F3_m3f3_P3_Y0_UO389,MXY,0,85.1113148267257,0,0,0.0,0,0,0,0.0,0.25,1,P2_CV0,2,1,1,2,0
3,2532969.44,705413.5711,Age0_F3_m3f3_P3_Y2_UO99,S3_F3_m3f3_P3_Y0_UO237,S3_F3_m3f3_P3_Y0_UO389,FXX,0,85.1113148267257,0,0,0.0,0,0,0,0.0,0.25,1,P2_CV0,2,1,1,2,0
3,2532969.44,705413.5711,Age0_F3_m3f3_P3_Y2_UO100,S3_F3_m3f3_P3_Y0_UO237,S3_F3_m3f3_P3_Y0_UO389,FXX,0,85.1113148267257,0,0,0.0,0,0,0,0.0,0.25,1,P2_CV0,2,1,1,1,1
3,2532969.44,705413.5711,Age0_F3_m3f3_P3_Y2_UO101,S3_F3_m3f3_P3_Y0_UO237,S3_F3_m3f3_P3_Y0_UO389,MXY,0,85.1113148267257,0,0,0.0,0,0,0,0.0,0.25,1,P2_CV0,2,1,1,1,1
3,2532969.44,705413.5711,Age0_F3_m3f3_P3_Y2_UO102,S3_F3_m3f3_P3_Y0_UO281,S3_F3_m3f3_P3_Y0_UO563,MXY,0,85.1113148267257,0,0,0.0,0,0,0,0.0,0.625,1,P2_CV0,2,1,1,1,1
3,2532969.44,705413.5711,Age0_F3_m3f3_P3_Y2_UO103,S3_F3_m3f3_P3_Y0_UO281,S3_F3_m3f3_P3_Y0_UO563,FXX,0,85.1113148267257,0,0,0.0,0,0,0,0.0,0.625,1,P2_CV0,2,0,2,2,0
3,2532969.44,705413.5711,Age0_F3_m3f3_P3_Y2_UO104,S3_F3_m3f3_P3_Y0_UO281,S3_F3_m3f3_P3_Y0_UO563,FXX,0,85.1113148267257,0,0,0.0,0,0,0,0.0,0.625,1,P2_CV0,2,2,0,1,1
3,2532969.44,705413.5711,Age0_F3_m3f3_P3_Y2_UO105,S3_F3_m3f3_P3_Y0_UO281,S3_F3_m3f3_P3_Y0_UO563,MXY,0,85.1113148267257,0,0,0.0,0,0,0,0.0,0.625,1,P2_CV0,2,1,1,2,0
3,2532969.44,705413.5711,Age0_F3_m3f3_P3_Y2_UO106,S3_F3_m3f3_P3_Y0_UO281,S3_F3_m3f3_P3_Y0_UO563,MXY,0,85.1113148267257,0,0,0.0,0,0,0,0.0,0.625,1,P2_CV0,2,1,1,1,1
3,2532969.44,705413.5711,Age0_F3_m3f3_P3_Y2_UO107,S3_F3_m3f3_P3_Y0_UO281,S3_F3_m3f3_P3_Y0_UO563,FXX,0,85.1113148267257,0,0,0.0,0,0,0,0.0,0.625,1,P2_CV0,2,1,1,2,0
3,2532969.44,705413.5711,Age0_F3_m3f3_P3_Y2_UO108,S3_F3_m3f3_P3_Y0_UO281,S3_F3_m3f3_P3_Y0_UO563,FXX,0,85.1113148267257,0,0,0.0,0,0,0,0.0,0.625,1,P2_CV0,2,1,1,2,0
5,2535011.582,720257.8531,E5_F5_m5f5_P5_Y1_UO192,S5_F5_m-1f-1_P5_Y-1_U36,S5_F5_m-1f-1_P5_Y-1_U62,MXY,1,118.65435541637213,1,1,0.0,0,0,0,-9999.0,0.5,1,P4_CV0,3,0,2,2,0
5,2535011.582,720257.8531,E5_F5_m5f5_P5_Y1_UO224,S5_F5_m-1f-1_P5_Y-1_U28,S5_F5_m-1f-1_P5_Y-1_U35,MXY,1,118.65435541637213,1,1,0.0,0,0,0,-9999.0,0.25,1,P4_CV0,3,1,1,1,1
5,2535011.582,720257.8531,E5_F5_m5f5_P5_Y1_UO195,S5_F5_m-1f-1_P5_Y-1_U36,S5_F5_m-1f-1_P5_Y-1_U62,FXX,1,118.65435541637213,1,1,1.0,0,0,0,-9999.0,0.5,1,P4_CV0,3,1,1,1,1
5,2535011.582,720257.8531,E5_F5_m5f5_P5_Y1_UO231,S5_F5_m-1f-1_P5_Y-1_U28,S5_F5_m-1f-1_P5_Y-1_U35,FXX,1,118.65435541637213,1,1,1.0,0,0,0,-9999.0,0.25,1,P4_CV0,3,0,2,2,0
5,2535011.582,720257.8531,E5_F5_m5f5_P5_Y1_UO240,S5_F5_m-1f-1_P5_Y-1_U39,S5_F5_m-1f-1_P5_Y-1_U35,FXX,1,118.65435541637213,1,1,1.0,0,0,0,-9999.0,0.75,1,P4_CV0,3,1,1,1,1
5,2535011.582,720257.8531,E5_F5_m5f5_P5_Y1_UO259,S5_F5_m-1f-1_P5_Y-1_U14,S5_F5_m-1f-1_P5_Y-1_U62,FXX,1,118.65435541637213,1,1,1.0,0,0,0,-9999.0,0.75,1,P4_CV0,3,1,1,2,0
5,2535011.582,720257.8531,E5_F5_m5f5_P5_Y1_UO246,S5_F5_m-1f-1_P5_Y-1_U19,S5_F5_m-1f-1_P5_Y-1_U35,FXX,1,118.65435541637213,1,1,1.0,0,0,0,-9999.0,0.5,1,P4_CV0,3,1,1,2,0
5,2535011.582,720257.8531,E5_F5_m5f5_P5_Y1_UO234,S5_F5_m-1f-1_P5_Y-1_U39,S5_F5_m-1f-1_P5_Y-1_U35,FXX,1,118.65435541637213,1,1,1.0,0,0,0,-9999.0,0.75,1,P4_CV0,3,2,0,1,1
5,2535011.582,720257.8531,E5_F5_m5f5_P5_Y1_UO182,S5_F5_m-1f-1_P5_Y-1_U51,S5_F5_m-1f-1_P5_Y-1_U62,FXX,1,118.65435541637213,1,1,1.0,0,0,0,-9999.0,0.25,1,P4_CV0,3,1,1,1,1
5,2535011.582,720257.8531,E5_F5_m5f5_P5_Y0_UO594,R5_F5_m-1f-1_P5_Y-1_U13,R5_F5_m-1f-1_P5_Y-1_U40,FXX,2,137.657207548967,1,0,1.0,0,0,0,-9999.0,0.75,1,P4_CV0,3,1,1,1,1
5,2535011.582,720257.8531,E5_F5_m5f5_P5_Y0_UO615,R5_F5_m-1f-1_P5_Y-1_U16,R5_F5_m-1f-1_P5_Y-1_U70,MXY,2,137.657207548967,1,0,0.0,0,0,0,-9999.0,0.0,1,P4_CV0,3,0,2,1,1
5,2535011.582,720257.8531,E5_F5_m5f5_P5_Y0_UO585,R5_F5_m-1f-1_P5_Y-1_U6,R5_F5_m-1f-1_P5_Y-1_U69,FXX,2,137.657207548967,1,0,1.0,0,0,0,-9999.0,1.0,1,P4_CV0,3,2,0,1,1
5,2535011.582,720257.8531,E5_F5_m5f5_P5_Y0_UO780,R5_F5_m-1f-1_P5_Y-1_U66,R5_F5_m-1f-1_P5_Y-1_U22,MXY,2,137.657207548967,1,0,0.0,0,0,0,-9999.0,0.5,1,P4_CV0,3,1,1,0,2
5,2535011.582,720257.8531,E5_F5_m5f5_P5_Y0_UO665,R5_F5_m-1f-1_P5_Y-1_U28,R5_F5_m-1f-1_P5_Y-1_U62,FXX,2,137.657207548967,1,0,1.0,0,0,0,-9999.0,0.25,1,P4_CV0,3,1,1,2,0
5,2535011.582,720257.8531,E5_F5_m5f5_P5_Y0_UO654,R5_F5_m-1f-1_P5_Y-1_U20,R5_F5_m-1f-1_P5_Y-1_U69,MXY,2,137.657207548967,1,0,0.0,0,0,0,-9999.0,0.5,1,P4_CV0,3,1,1,1,1
5,2535011.582,720257.8531,E5_F5_m5f5_P5_Y0_UO759,R5_F5_m-1f-1_P5_Y-1_U59,R5_F5_m-1f-1_P5_Y-1_U4,FXX,2,137.657207548967,1,0,1.0,0,0,0,-9999.0,0.75,1,P4_CV0,3,1,1,2,0
5,2535011.582,720257.8531,E5_F5_m5f5_P5_Y0_UO756,R5_F5_m-1f-1_P5_Y-1_U59,R5_F5_m-1f-1_P5_Y-1_U4,FXX,2,137.657207548967,1,0,1.0,0,0,0,-9999.0,0.75,1,P4_CV0,3,1,1,2,0
5,2535011.582,720257.8531,E5_F5_m-1f-1_P5_Y-1_U36,-9999,-9999,FXX,5,156.10355715469322,1,0,1.0,0,0,0,-9999.0,0.5,1,P4_CV0,3,1,1,1,1
5,2535011.582,720257.8531,E5_F5_m-1f-1_P5_Y-1_U28,-9999,-9999,FXX,6,190.39587600034795,1,0,1.0,0,0,0,-9999.0,0.0,1,P4_CV0,3,0,2,1,1
5,2535011.582,720257.8531,Age0_F5_m5f5_P5_Y2_UO109,S5_F5_m5f5_P5_Y0_UO594,S5_F5_m5f5_P5_Y0_UO780,MXY,0,92.82203504841908,0,0,0.0,0,0,0,0.0,0.625,1,P4_CV0,3,0,2,1,1
5,2535011.582,720257.8531,Age0_F5_m5f5_P5_Y2_UO110,S5_F5_m5f5_P5_Y0_UO594,S5_F5_m5f5_P5_Y0_UO780,FXX,0,92.82203504841908,0,0,0.0,0,0,0,0.0,0.625,1,P4_CV0,3,2,0,1,1
5,2535011.582,720257.8531,Age0_F5_m5f5_P5_Y2_UO111,S5_F5_m5f5_P5_Y0_UO594,S5_F5_m5f5_P5_Y0_UO780,MXY,0,92.82203504841908,0,0,0.0,0,0,0,0.0,0.625,1,P4_CV0,3,2,0,1,1
5,2535011.582,720257.8531,Age0_F5_m5f5_P5_Y2_UO112,S5_F5_m5f5_P5_Y0_UO594,S5_F5_m5f5_P5_Y0_UO780,FXX,0,92.82203504841908,0,0,0.0,0,0,0,0.0,0.625,1,P4_CV0,3,1,1,1,1
5,2535011.582,720257.8531,Age0_F5_m5f5_P5_Y2_UO113,S5_F5_m5f5_P5_Y0_UO594,S5_F5_m5f5_P5_Y0_UO780,FXX,0,92.82203504841908,0,0,0.0,0,0,0,0.0,0.625,1,P4_CV0,3,2,0,0,2
5,2535011.582,720257.8531,Age0_F5_m5f5_P5_Y2_UO114,S5_F5_m5f5_P5_Y0_UO594,S5_F5_m5f5_P5_Y0_UO780,MXY,0,92.82203504841908,0,0,0.0,0,0,0,0.0,0.625,1,P4_CV0,3,2,0,1,1
5,2535011.582,720257.8531,Age0_F5_m5f5_P5_Y2_UO115,S5_F5_m5f5_P5_Y0_UO594,S5_F5_m5f5_P5_Y0_UO780,FXX,0,92.82203504841908,0,0,0.0,0,0,0,0.0,0.625,1,P4_CV0,3,2,0,1,1
5,2535011.582,720257.8531,Age0_F5_m5f5_P5_Y2_UO116,S5_F5_m5f5_P5_Y0_UO585,S5_F5_m5f5_P5_Y0_UO615,FXX,0,92.82203504841908,0,0,0.0,0,0,0,0.0,0.5,1,P4_CV0,3,1,1,1,1
5,2535011.582,720257.8531,Age0_F5_m5f5_P5_Y2_UO117,S5_F5_m5f5_P5_Y0_UO585,S5_F5_m5f5_P5_Y0_UO615,FXX,0,92.82203504841908,0,0,0.0,0,0,0,0.0,0.5,1,P4_CV0,3,1,1,1,1
5,2535011.582,720257.8531,Age0_F5_m5f5_P5_Y2_UO118,S5_F5_m5f5_P5_Y0_UO585,S5_F5_m5f5_P5_Y0_UO615,FXX,0,92.82203504841908,0,0,0.0,0,0,0,0.0,0.5,1,P4_CV0,3,1,1,2,0
5,2535011.582,720257.8531,Age0_F5_m5f5_P5_Y2_UO119,S5_F5_m5f5_P5_Y0_UO585,S5_F5_m5f5_P5_Y0_UO615,MXY,0,92.82203504841908,0,0,0.0,0,0,0,0.0,0.5,1,P4_CV0,3,1,1,0,2
5,2535011.582,720257.8531,Age0_F5_m5f5_P5_Y2_UO120,S5_F5_m5f5_P5_Y0_UO665,S5_F5_m5f5_P5_Y0_UO780,MXY,0,92.82203504841908,0,0,0.0,0,0,0,0.0,0.375,1,P4_CV0,3,1,1,1,1
5,2535011.582,720257.8531,Age0_F5_m5f5_P5_Y2_UO121,S5_F5_m5f5_P5_Y0_UO665,S5_F5_m5f5_P5_Y0_UO780,MXY,0,92.82203504841908,0,0,0.0,0,0,0,0.0,0.375,1,P4_CV0,3,1,1,1,1
5,2535011.582,720257.8531,Age0_F5_m5f5_P5_Y2_UO122,S5_F5_m5f5_P5_Y0_UO665,S5_F5_m5f5_P5_Y0_UO780,FXX,0,92.82203504841908,0,0,0.0,0,0,0,0.0,0.375,1,P4_CV0,3,2,0,1,1
5,2535011.582,720257.8531,Age0_F5_m5f5_P5_Y2_UO123,S5_F5_m5f5_P5_Y0_UO665,S5_F5_m5f5_P5_Y0_UO780,MXY,0,92.82203504841908,0,0,0.0,0,0,0,0.0,0.375,1,P4_CV0,3,1,1,1,1
5,2535011.582,720257.8531,Age0_F5_m5f5_P5_Y2_UO124,S5_F5_m5f5_P5_Y0_UO759,S5_F5_m5f5_P5_Y0_UO615,MXY,0,92.82203504841908,0,0,0.0,0,0,0,0.0,0.375,1,P4_CV0,3,1,1,1,1
5,2535011.582,720257.8531,Age0_F5_m5f5_P5_Y2_UO125,S5_F5_m5f5_P5_Y0_UO759,S5_F5_m5f5_P5_Y0_UO615,FXX,0,92.82203504841908,0,0,0.0,0,0,0,0.0,0.375,1,P4_CV0,3,0,2,1,1
5,2535011.582,720257.8531,Age0_F5_m5f5_P5_Y2_UO126,S5_F5_m5f5_P5_Y0_UO759,S5_F5_m5f5_P5_Y0_UO615,MXY,0,92.82203504841908,0,0,0.0,0,0,0,0.0,0.375,1,P4_CV0,3,0,2,2,0
5,2535011.582,720257.8531,Age0_F5_m5f5_P5_Y2_UO127,S5_F5_m5f5_P5_Y0_UO759,S5_F5_m5f5_P5_Y0_UO615,MXY,0,92.82203504841908,0,0,0.0,0,0,0,0.0,0.375,1,P4_CV0,3,0,2,1,1
5,2535011.582,720257.8531,Age0_F5_m5f5_P5_Y2_UO128,S5_F5_m5f5_P5_Y0_UO759,S5_F5_m5f5_P5_Y0_UO615,MXY,0,92.82203504841908,0,0,0.0,0,0,0,0.0,0.375,1,P4_CV0,3,0,2,2,0
5,2535011.582,720257.8531,Age0_F5_m5f5_P5_Y2_UO129,S5_F5_m5f5_P5_Y0_UO756,S5_F5_m5f5_P5_Y0_UO780,FXX,0,92.82203504841908,0,0,0.0,0,0,0,0.0,0.625,1,P4_CV0,3,1,1,1,1
5,2535011.582,720257.8531,Age0_F5_m5f5_P5_Y2_UO130,S5_F5_m5f5_P5_Y0_UO756,S5_F5_m5f5_P5_Y0_UO780,MXY,0,92.82203504841908,0,0,0.0,0,0,0,0.0,0.625,1,P4_CV0,3,0,2,1,1
5,2535011.582,720257.8531,Age0_F5_m5f5_P5_Y2_UO131,S5_F5_m5f5_P5_Y0_UO756,S5_F5_m5f5_P5_Y0_UO780,FXX,0,92.82203504841908,0,0,0.0,0,0,0,0.0,0.625,1,P4_CV0,3,0,2,1,1
5,2535011.582,720257.8531,Age0_F5_m5f5_P5_Y2_UO132,S5_F5_m-1f-1_P5_Y-1_U36,S5_F5_m5f5_P5_Y0_UO780,MXY,0,92.82203504841908,0,0,0.0,0,0,0,0.0,0.5,1,P4_CV0,3,2,0,0,2
5,2535011.582,720257.8531,Age0_F5_m5f5_P5_Y2_UO133,S5_F5_m-1f-1_P5_Y-1_U36,S5_F5_m5f5_P5_Y0_UO780,MXY,0,92.82203504841908,0,0,0.0,0,0,0,0.0,0.5,1,P4_CV0,3,1,1,1,1
5,2535011.582,720257.8531,Age0_F5_m5f5_P5_Y2_UO134,S5_F5_m-1f-1_P5_Y-1_U36,S5_F5_m5f5_P5_Y0_UO780,MXY,0,92.82203504841908,0,0,0.0,0,0,0,0.0,0.5,1,P4_CV0,3,2,0,1,1
5,2535011.582,720257.8531,Age0_F5_m5f5_P5_Y2_UO135,S5_F5_m-1f-1_P5_Y-1_U36,S5_F5_m5f5_P5_Y0_UO780,FXX,0,92.82203504841908,0,0,0.0,0,0,0,0.0,0.5,1,P4_CV0,3,0,2,1,1
5,2535011.582,720257.8531,Age0_F5_m5f5_P5_Y2_UO136,S5_F5_m-1f-1_P5_Y-1_U36,S5_F5_m5f5_P5_Y0_UO780,MXY,0,92.82203504841908,0,0,0.0,0,0,0,0.0,0.5,1,P4_CV0,3,2,0,1,1
5,2535011.582,720257.8531,Age0_F5_m5f5_P5_Y2_UO137,S5_F5_m-1f-1_P5_Y-1_U36,S5_F5_m5f5_P5_Y0_UO780,MXY,0,92.82203504841908,0,0,0.0,0,0,0,0.0,0.5,1,P4_CV0,3,1,1,1,1
5,2535011.582,720257.8531,Age0_F5_m5f5_P5_Y2_UO138,S5_F5_m-1f-1_P5_Y-1_U36,S5_F5_m5f5_P5_Y0_UO780,MXY,0,92.82203504841908,0,0,0.0,0,0,0,0.0,0.5,1,P4_CV0,3,1,1,0,2
5,2535011.582,720257.8531,Age0_F5_m5f5_P5_Y2_UO139,S5_F5_m-1f-1_P5_Y-1_U36,S5_F5_m5f5_P5_Y0_UO780,MXY,0,92.82203504841908,0,0,0.0,0,0,0,0.0,0.5,1,P4_CV0,3,1,1,0,2
5,2535011.582,720257.8531,Age0_F5_m5f5_P5_Y2_UO140,S5_F5_m-1f-1_P5_Y-1_U36,S5_F5_m5f5_P5_Y0_UO780,MXY,0,92.82203504841908,0,0,0.0,0,0,0,0.0,0.5,1,P4_CV0,3,1,1,1,1
5,2535011.582,720257.8531,Age0_F5_m5f5_P5_Y2_UO141,S5_F5_m-1f-1_P5_Y-1_U28,S5_F5_m5f5_P5_Y0_UO780,FXX,0,92.82203504841908,0,0,0.0,0,0,0,0.0,0.25,1,P4_CV0,3,0,2,1,1
5,2535011.582,720257.8531,Age0_F5_m5f5_P5_Y2_UO142,S5_F5_m-1f-1_P5_Y-1_U28,S5_F5_m5f5_P5_Y0_UO780,FXX,0,92.82203504841908,0,0,0.0,0,0,0,0.0,0.25,1,P4_CV0,3,0,2,1,1
5,2535011.582,720257.8531,Age0_F5_m5f5_P5_Y2_UO143,S5_F5_m-1f-1_P5_Y-1_U28,S5_F5_m5f5_P5_Y0_UO780,MXY,0,92.82203504841908,0,0,0.0,0,0,0,0.0,0.25,1,P4_CV0,3,0,2,1,1
5,2535011.582,720257.8531,Age0_F5_m5f5_P5_Y2_UO144,S5_F5_m-1f-1_P5_Y-1_U28,S5_F5_m5f5_P5_Y0_UO780,FXX,0,92.82203504841908,0,0,0.0,0,0,0,0.0,0.25,1,P4_CV0,3,0,2,1,1
5,2535011.582,720257.8531,Age0_F5_m5f5_P5_Y2_UO145,S5_F5_m-1f-1_P5_Y-1_U28,S5_F5_m5f5_P5_Y0_UO780,MXY,0,92.82203504841908,0,0,0.0,0,0,0,0.0,0.25,1,P4_CV0,3,0,2,0,2
5,2535011.582,720257.8531,Age0_F5_m5f5_P5_Y2_UO146,S5_F5_m-1f-1_P5_Y-1_U28,S5_F5_m5f5_P5_Y0_UO780,FXX,0,92.82203504841908,0,0,0.0,0,0,0,0.0,0.25,1,P4_CV0,3,0,2,1,1
5,2535011.582,720257.8531,Age0_F5_m5f5_P5_Y2_UO147,S5_F5_m-1f-1_P5_Y-1_U28,S5_F5_m5f5_P5_Y0_UO780,FXX,0,92.82203504841908,0,0,0.0,0,0,0,0.0,0.25,1,P4_CV0,3,1,1,1,1
5,2535011.582,720257.8531,Age0_F5_m5f5_P5_Y2_UO148,S5_F5_m-1f-1_P5_Y-1_U28,S5_F5_m5f5_P5_Y0_UO780,FXX,0,92.82203504841908,0,0,0.0,0,0,0,0.0,0.25,1,P4_CV0,3,0,2,0,2
5,2535011.582,720257.8531,Age0_F5_m5f5_P5_Y2_UO149,S5_F5_m-1f-1_P5_Y-1_U28,S5_F5_m5f5_P5_Y0_UO780,MXY,0,92.82203504841908,0,0,0.0,0,0,0,0.0,0.25,1,P4_CV0,3,1,1,0,2
5,2535011.582,720257.8531,Age0_F5_m5f5_P5_Y2_UO150,S5_F5_m-1f-1_P5_Y-1_U28,S5_F5_m5f5_P5_Y0_UO780,FXX,0,92.82203504841908,0,0,0.0,0,0,0,0.0,0.25,1,P4_CV0,3,1,1,0,2
5,2535011.582,720257.8531,Age0_F5_m5f5_P5_Y2_UO151,S5_F5_m-1f-1_P5_Y-1_U28,S5_F5_m5f5_P5_Y0_UO780,FXX,0,92.82203504841908,0,0,0.0,0,0,0,0.0,0.25,1,P4_CV0,3,1,1,0,2
7,2527429.642,708511.8011,E7_F7_m7f7_P7_Y1_UO312,S7_F7_m-1f-1_P7_Y-1_U30,S7_F7_m-1f-1_P7_Y-1_U45,FXX,1,114.78176564854807,1,1,1.0,0,0,0,-9999.0,0.5,1,P6_CV0,3,1,1,0,2
7,2527429.642,708511.8011,E7_F7_m7f7_P7_Y1_UO281,S7_F7_m-1f-1_P7_Y-1_U65,S7_F7_m-1f-1_P7_Y-1_U45,FXX,1,114.78176564854807,1,1,1.0,0,0,0,-9999.0,0.25,1,P6_CV0,3,0,2,1,1
7,2527429.642,708511.8011,E7_F7_m7f7_P7_Y1_UO286,S7_F7_m-1f-1_P7_Y-1_U1,S7_F7_m-1f-1_P7_Y-1_U55,FXX,1,114.78176564854807,1,1,1.0,0,0,0,-9999.0,0.25,1,P6_CV0,3,1,1,2,0
7,2527429.642,708511.8011,E7_F7_m7f7_P7_Y1_UO306,S7_F7_m-1f-1_P7_Y-1_U40,S7_F7_m-1f-1_P7_Y-1_U55,FXX,1,114.78176564854807,1,1,1.0,0,0,0,-9999.0,0.25,1,P6_CV0,3,1,1,2,0
7,2527429.642,708511.8011,E7_F7_m7f7_P7_Y1_UO283,S7_F7_m-1f-1_P7_Y-1_U1,S7_F7_m-1f-1_P7_Y-1_U55,FXX,1,114.78176564854807,1,1,1.0,0,0,0,-9999.0,0.25,1,P6_CV0,3,1,1,2,0
7,2527429.642,708511.8011,E7_F7_m7f7_P7_Y1_UO308,S7_F7_m-1f-1_P7_Y-1_U30,S7_F7_m-1f-1_P7_Y-1_U45,MXY,1,114.78176564854807,1,1,0.0,0,0,0,-9999.0,0.5,1,P6_CV0,3,1,1,0,2
7,2527429.642,708511.8011,E7_F7_m7f7_P7_Y1_UO274,S7_F7_m-1f-1_P7_Y-1_U58,S7_F7_m-1f-1_P7_Y-1_U55,MXY,1,114.78176564854807,1,1,0.0,0,0,0,-9999.0,0.25,1,P6_CV0,3,1,1,2,0
7,2527429.642,708511.8011,E7_F7_m7f7_P7_Y1_UO297,S7_F7_m-1f-1_P7_Y-1_U40,S7_F7_m-1f-1_P7_Y-1_U55,MXY,1,114.78176564854807,1,1,0.0,0,0,0,-9999.0,0.25,1,P6_CV0,3,1,1,2,0
7,2527429.642,708511.8011,E7_F7_m7f7_P7_Y1_UO305,S7_F7_m-1f-1_P7_Y-1_U40,S7_F7_m-1f-1_P7_Y-1_U55,FXX,1,114.78176564854807,1,1,1.0,0,0,0,-9999.0,0.25,1,P6_CV0,3,0,2,2,0
7,2527429.642,708511.8011,E7_F7_m7f7_P7_Y1_UO276,S7_F7_m-1f-1_P7_Y-1_U58,S7_F7_m-1f-1_P7_Y-1_U55,MXY,1,114.78176564854807,1,1,0.0,0,0,0,-9999.0,0.25,1,P6_CV0,3,1,1,2,0
7,2527429.642,708511.8011,E7_F7_m7f7_P7_Y1_UO302,S7_F7_m-1f-1_P7_Y-1_U40,S7_F7_m-1f-1_P7_Y-1_U55,FXX,1,114.78176564854807,1,1,1.0,0,0,0,-9999.0,0.25,1,P6_CV0,3,1,1,2,0
7,2527429.642,708511.8011,E7_F7_m7f7_P7_Y1_UO304,S7_F7_m-1f-1_P7_Y-1_U40,S7_F7_m-1f-1_P7_Y-1_U55,MXY,1,114.78176564854807,1,1,0.0,0,0,0,-9999.0,0.25,1,P6_CV0,3,1,1,2,0
7,2527429.642,708511.8011,E7_F7_m7f7_P7_Y1_UO309,S7_F7_m-1f-1_P7_Y-1_U30,S7_F7_m-1f-1_P7_Y-1_U45,FXX,1,114.78176564854807,1,1,1.0,0,0,0,-9999.0,0.5,1,P6_CV0,3,2,0,0,2
7,2527429.642,708511.8011,E7_F7_m7f7_P7_Y0_UO895,R7_F7_m-1f-1_P7_Y-1_U40,R7_F7_m-1f-1_P7_Y-1_U2,FXX,2,145.80483514059566,1,0,1.0,0,0,0,-9999.0,0.0,1,P6_CV0,3,0,2,1,1
7,2527429.642,708511.8011,E7_F7_m7f7_P7_Y0_UO977,R7_F7_m-1f-1_P7_Y-1_U61,R7_F7_m-1f-1_P7_Y-1_U73,MXY,2,145.80483514059566,1,0,0.0,0,0,0,-9999.0,0.25,1,P6_CV0,3,1,1,2,0
7,2527429.642,708511.8011,E7_F7_m7f7_P7_Y0_UO848,R7_F7_m-1f-1_P7_Y-1_U30,R7_F7_m-1f-1_P7_Y-1_U63,FXX,2,145.80483514059566,1,0,1.0,0,0,0,-9999.0,0.25,1,P6_CV0,3,1,1,0,2
7,2527429.642,708511.8011,E7_F7_m7f7_P7_Y0_UO907,R7_F7_m-1f-1_P7_Y-1_U42,R7_F7_m-1f-1_P7_Y-1_U68,FXX,2,145.80483514059566,1,0,1.0,0,0,0,-9999.0,0.25,1,P6_CV0,3,0,2,1,1
7,2527429.642,708511.8011,E7_F7_m7f7_P7_Y0_UO961,R7_F7_m-1f-1_P7_Y-1_U56,R7_F7_m-1f-1_P7_Y-1_U45,MXY,2,145.80483514059566,1,0,0.0,0,0,0,-9999.0,0.5,1,P6_CV0,3,0,2,0,2
7,2527429.642,708511.8011,E7_F7_m7f7_P7_Y0_UO950,R7_F7_m-1f-1_P7_Y-1_U51,R7_F7_m-1f-1_P7_Y-1_U76,MXY,2,145.80483514059566,1,0,0.0,0,0,0,-9999.0,0.5,1,P6_CV0,3,1,1,1,1
7,2527429.642,708511.8011,E7_F7_m7f7_P7_Y0_UO947,R7_F7_m-1f-1_P7_Y-1_U50,R7_F7_m-1f-1_P7_Y-1_U38,MXY,2,145.80483514059566,1,0,0.0,0,0,0,-9999.0,0.5,1,P6_CV0,3,1,1,0,2
7,2527429.642,708511.8011,E7_F7_m7f7_P7_Y0_UO819,R7_F7_m-1f-1_P7_Y-1_U19,R7_F7_m-1f-1_P7_Y-1_U8,MXY,2,145.80483514059566,1,0,0.0,0,0,0,-9999.0,1.0,1,P6_CV0,3,2,0,1,1
7,2527429.642,708511.8011,E7_F7_m7f7_P7_Y0_UO970,R7_F7_m-1f-1_P7_Y-1_U60,R7_F7_m-1f-1_P7_Y-1_U52,FXX,2,145.80483514059566,1,0,1.0,0,0,0,-9999.0,0.25,1,P6_CV0,3,1,1,0,2
7,2527429.642,708511.8011,E7_F7_m7f7_P7_Y0_UO936,R7_F7_m-1f-1_P7_Y-1_U49,R7_F7_m-1f-1_P7_Y-1_U14,MXY,2,145.80483514059566,1,0,0.0,0,0,0,-9999.0,0.75,1,P6_CV0,3,2,0,2,0
7,2527429.642,708511.8011,E7_F7_m-1f-1_P7_Y-1_U41,-9999,-9999,MXY,6,175.48091054574797,1,0,0.0,0,0,0,-9999.0,0.5,1,P6_CV0,3,1,1,2,0
7,2527429.642,708511.8011,Age0_F7_m7f7_P7_Y2_UO152,S7_F7_m7f7_P7_Y0_UO895,S7_F7_m7f7_P7_Y0_UO947,MXY,0,78.90533941779817,0,0,0.0,0,0,0,0.0,0.25,1,P6_CV0,3,1,1,0,2
7,2527429.642,708511.8011,Age0_F7_m7f7_P7_Y2_UO153,S7_F7_m7f7_P7_Y0_UO895,S7_F7_m7f7_P7_Y0_UO947,MXY,0,78.90533941779817,0,0,0.0,0,0,0,0.0,0.25,1,P6_CV0,3,1,1,1,1
7,2527429.642,708511.8011,Age0_F7_m7f7_P7_Y2_UO154,S7_F7_m7f7_P7_Y0_UO895,S7_F7_m7f7_P7_Y0_UO947,FXX,0,78.90533941779817,0,0,0.0,0,0,0,0.0,0.25,1,P6_CV0,3,0,2,0,2
7,2527429.642,708511.8011,Age0_F7_m7f7_P7_Y2_UO155,S7_F7_m7f7_P7_Y0_UO895,S7_F7_m7f7_P7_Y0_UO947,FXX,0,78.90533941779817,0,0,0.0,0,0,0,0.0,0.25,1,P6_CV0,3,0,2,1,1
7,2527429.642,708511.8011,Age0_F7_m7f7_P7_Y2_UO156,S7_F7_m7f7_P7_Y0_UO895,S7_F7_m7f7_P7_Y0_UO947,FXX,0,78.90533941779817,0,0,0.0,0,0,0,0.0,0.25,1,P6_CV0,3,1,1,1,1
7,2527429.642,708511.8011,Age0_F7_m7f7_P7_Y2_UO157,S7_F7_m7f7_P7_Y0_UO848,S7_F7_m7f7_P7_Y0_UO947,MXY,0,78.90533941779817,0,0,0.0,0,0,0,0.0,0.375,1,P6_CV0,3,1,1,0,2
7,2527429.642,708511.8011,Age0_F7_m7f7_P7_Y2_UO158,S7_F7_m7f7_P7_Y0_UO848,S7_F7_m7f7_P7_Y0_UO947,MXY,0,78.90533941779817,0,0,0.0,0,0,0,0.0,0.375,1,P6_CV0,3,2,0,0,2
7,2527429.642,708511.8011,Age0_F7_m7f7_P7_Y2_UO159,S7_F7_m7f7_P7_Y0_UO848,S7_F7_m7f7_P7_Y0_UO947,FXX,0,78.90533941779817,0,0,0.0,0,0,0,0.0,0.375,1,P6_CV0,3,1,1,0,2
7,2527429.642,708511.8011,Age0_F7_m7f7_P7_Y2_UO160,S7_F7_m7f7_P7_Y0_UO848,S7_F7_m7f7_P7_Y0_UO947,MXY,0,78.90533941779817,0,0,0.0,0,0,0,0.0,0.375,1,P6_CV0,3,1,1,0,2
7,2527429.642,708511.8011,Age0_F7_m7f7_P7_Y2_UO161,S7_F7_m7f7_P7_Y0_UO848,S7_F7_m7f7_P7_Y0_UO947,MXY,0,78.90533941779817,0,0,0.0,0,0,0,0.0,0.375,1,P6_CV0,3,1,1,0,2
7,2527429.642,708511.8011,Age0_F7_m7f7_P7_Y2_UO162,S7_F7_m7f7_P7_Y0_UO848,S7_F7_m7f7_P7_Y0_UO947,MXY,0,78.90533941779817,0,0,0.0,0,0,0,0.0,0.375,1,P6_CV0,3,1,1,0,2
7,2527429.642,708511.8011,Age0_F7_m7f7_P7_Y2_UO163,S7_F7_m7f7_P7_Y0_UO848,S7_F7_m7f7_P7_Y0_UO947,FXX,0,78.90533941779817,0,0,0.0,0,0,0,0.0,0.375,1,P6_CV0,3,1,1,0,2
7,2527429.642,708511.8011,Age0_F7_m7f7_P7_Y2_UO164,S7_F7_m7f7_P7_Y0_UO907,S7_F7_m-1f-1_P7_Y-1_U41,MXY,0,78.90533941779817,0,0,0.0,0,0,0,0.0,0.375,1,P6_CV0,3,0,2,2,0
7,2527429.642,708511.8011,Age0_F7_m7f7_P7_Y2_UO165,S7_F7_m7f7_P7_Y0_UO907,S7_F7_m-1f-1_P7_Y-1_U41,FXX,0,78.90533941779817,0,0,0.0,0,0,0,0.0,0.375,1,P6_CV0,3,1,1,1,1
7,2527429.642,708511.8011,Age0_F7_m7f7_P7_Y2_UO166,S7_F7_m7f7_P7_Y0_UO907,S7_F7_m-1f-1_P7_Y-1_U41,MXY,0,78.90533941779817,0,0,0.0,0,0,0,0.0,0.375,1,P6_CV0,3,0,2,2,0
7,2527429.642,708511.8011,Age0_F7_m7f7_P7_Y2_UO167,S7_F7_m7f7_P7_Y0_UO907,S7_F7_m-1f-1_P7_Y-1_U41,FXX,0,78.90533941779817,0,0,0.0,0,0,0,0.0,0.375,1,P6_CV0,3,1,1,1,1
7,2527429.642,708511.8011,Age0_F7_m7f7_P7_Y2_UO168,S7_F7_m7f7_P7_Y0_UO907,S7_F7_m-1f-1_P7_Y-1_U41,MXY,0,78.90533941779817,0,0,0.0,0,0,0,0.0,0.375,1,P6_CV0,3,1,1,2,0
7,2527429.642,708511.8011,Age0_F7_m7f7_P7_Y2_UO169,S7_F7_m7f7_P7_Y0_UO907,S7_F7_m-1f-1_P7_Y-1_U41,MXY,0,78.90533941779817,0,0,0.0,0,0,0,0.0,0.375,1,P6_CV0,3,0,2,2,0
7,2527429.642,708511.8011,Age0_F7_m7f7_P7_Y2_UO170,S7_F7_m7f7_P7_Y0_UO970,S7_F7_m7f7_P7_Y0_UO950,MXY,0,78.90533941779817,0,0,0.0,0,0,0,0.0,0.375,1,P6_CV0,3,0,2,0,2
7,2527429.642,708511.8011,Age0_F7_m7f7_P7_Y2_UO171,S7_F7_m7f7_P7_Y0_UO970,S7_F7_m7f7_P7_Y0_UO950,MXY,0,78.90533941779817,0,0,0.0,0,0,0,0.0,0.375,1,P6_CV0,3,0,2,1,1
7,2527429.642,708511.8011,Age0_F7_m7f7_P7_Y2_UO172,S7_F7_m7f7_P7_Y0_UO970,S7_F7_m7f7_P7_Y0_UO950,MXY,0,78.90533941779817,0,0,0.0,0,0,0,0.0,0.375,1,P6_CV0,3,0,2,0,2
7,2527429.642,708511.8011,Age0_F7_m7f7_P7_Y2_UO173,S7_F7_m7f7_P7_Y0_UO970,S7_F7_m7f7_P7_Y0_UO950,MXY,0,78.90533941779817,0,0,0.0,0,0,0,0.0,0.375,1,P6_CV0,3,1,1,1,1
7,2527429.642,708511.8011,Age0_F7_m7f7_P7_Y2_UO174,S7_F7_m7f7_P7_Y0_UO970,S7_F7_m7f7_P7_Y0_UO950,FXX,0,78.90533941779817,0,0,0.0,0,0,0,0.0,0.375,1,P6_CV0,3,0,2,0,2
7,2527429.642,708511.8011,Age0_F7_m7f7_P7_Y2_UO175,S7_F7_m7f7_P7_Y0_UO970,S7_F7_m7f7_P7_Y0_UO950,FXX,0,78.90533941779817,0,0,0.0,0,0,0,0.0,0.375,1,P6_CV0,3,1,1,0,2
