"PatchID","XCOORD","YCOORD","ID","MID","FID","sex","age","size","mature","newmature","layeggs","capture","recapture","state","CDist","Hindex","Species","ClassFile","SubPatchID","L0A0","L0A1","L1A0","L1A1","L2A0","L2A1","L3A0","L3A1"
1,56758.45394,381341.8208,"S1_F10_m1f1_P10_Y7_UO23","I1_F96_m1f1_P44_Y5_UO85","I1_F33_m77f77_P10_Y5_UO3409","FXX",1,0,0,0,0,0,0,0,-9999,0.3125,1,"P0_CV0",1,0,2,0,2,0,2,0,2
1,56758.45394,381341.8208,"S1_F33_m1f1_P33_Y7_UO76","ID1_F33_m4f4_P82_Y2_UO245","I1_F10_m-1f-1_P1_Y-1_U230","MXY",1,0,0,0,0,0,0,0,-9999,0.4375,1,"P3_CV0",1,1,1,1,1,0,2,0,2
1,56758.45394,381341.8208,"S1_F44_m1f1_P44_Y7_UO91","I1_F18_m1f1_P10_Y0_UO42","ID1_F33_m9f9_P10_Y0_UO531","MXY",1,0,0,0,0,0,0,0,-9999,0.625,1,"P8_CV0",1,2,0,2,0,0,2,0,2
1,56758.45394,381341.8208,"ID1_F10_m1f1_P33_Y6_UO96","I1_F10_m-1f-1_P9_Y-1_U83","I1_F10_m-1f-1_P1_Y-1_U60","MXY",2,0,1,0,0,0,0,0,-9999,0.5,1,"P0_CV0",1,1,1,1,1,0,2,0,2
1,56758.45394,381341.8208,"ID1_F33_m9f9_P10_Y5_UO521","I9_F44_m1f1_P33_Y3_UO12","I9_F10_m-1f-1_P1_Y-1_U242","MXY",3,0,1,0,0,0,0,0,-9999,0.4375,1,"P0_CV0",1,1,1,1,1,0,2,0,2
1,56758.45394,381341.8208,"I1_F33_m9f9_P33_Y4_UO591","I9_F33_m-1f-1_P9_Y-1_U105","I9_F33_m9f9_P33_Y2_UO515","FXX",4,0,1,0,1,0,0,0,-9999,0.125,1,"P8_CV0",1,0,2,2,0,0,2,0,2
1,56758.45394,381341.8208,"I1_F33_m9f9_P10_Y1_UO464","I9_F33_m-1f-1_P9_Y-1_U39","ID9_F33_m-1f-1_P9_Y-1_U64","FXX",7,0,1,0,1,0,0,0,-9999,0.5,1,"P8_CV0",1,1,1,0,2,0,2,0,2
1,56758.45394,381341.8208,"I1_F33_m-1f-1_P1_Y-1_U34","-9999","-9999","MXY",16,0,1,0,0,0,0,0,-9999,1,1,"P0_CV0",1,2,0,2,0,0,2,0,2
3,338102.6853,-1366704.895,"S3_F59_m3f3_P59_Y7_UO144","I3_F59_m16f16_P59_Y4_UO918","I3_F59_m16f16_P59_Y2_UO867","FXX",1,0,0,0,0,0,0,0,-9999,0.75,1,"P15_CV0",1,1,1,0,2,0,2,0,2
3,338102.6853,-1366704.895,"S3_F59_m3f3_P59_Y7_UO197","I3_F59_m-1f-1_P56_Y-1_U166","ID3_F64_m17f17_P64_Y4_UO986","MXY",1,0,0,0,0,0,0,0,-9999,0.53125,1,"P55_CV0",1,1,1,1,1,0,2,0,2
3,338102.6853,-1366704.895,"S3_F64_m17f17_P64_Y7_UO940","I17_F64_m79f79_P64_Y5_UO3506","I17_F64_m-1f-1_P47_Y-1_U32","FXX",1,0,0,0,0,0,0,0,-9999,0.4375,1,"P78_CV0",1,0,2,1,1,0,2,0,2
3,338102.6853,-1366704.895,"I3_F59_m3f3_P59_Y6_UO175","I3_F59_m3f3_P64_Y0_UO136","I3_F59_m79f79_P59_Y4_UO3552","MXY",2,0,1,0,0,0,0,0,-9999,0.5,1,"P78_CV0",1,1,1,0,2,0,2,0,2
3,338102.6853,-1366704.895,"I3_F59_m3f3_P64_Y5_UO180","I3_F59_m-1f-1_P56_Y-1_U166","I3_F59_m56f56_P59_Y3_UO2603","FXX",3,0,1,0,1,0,0,0,-9999,0.375,1,"P55_CV0",1,1,1,2,0,0,2,0,2
3,338102.6853,-1366704.895,"I3_F59_m17f17_P64_Y4_UO970","ID17_F64_m17f17_P64_Y2_UO954","ID17_F64_m79f79_P64_Y2_UO3495","MXY",4,0,1,0,0,0,0,0,-9999,0.4375,1,"P78_CV0",1,0,2,1,1,0,2,0,2
3,338102.6853,-1366704.895,"I3_F59_m16f16_P59_Y2_UO858","I16_F59_m-1f-1_P16_Y-1_U143","ID16_F59_m-1f-1_P16_Y-1_U210","FXX",6,0,1,0,1,0,0,0,-9999,0.5,1,"P15_CV0",1,1,1,2,0,0,2,0,2
3,338102.6853,-1366704.895,"I3_F59_m-1f-1_P3_Y-1_U120","-9999","-9999","FXX",15,0,1,0,1,0,0,0,-9999,0.5,1,"P2_CV0",1,1,1,1,1,0,2,0,2
4,-253798.3533,279406.7349,"S4_F10_m9f9_P10_Y7_UO542","ID9_F10_m9f9_P10_Y5_UO615","ID9_F44_m1f1_P33_Y5_UO1","FXX",1,0,0,0,0,0,0,0,-9999,0.75,1,"P0_CV0",1,1,1,2,0,0,2,0,2
4,-253798.3533,279406.7349,"S4_F82_m4f4_P82_Y7_UO252","I4_F96_m4f4_P82_Y3_UO256","I4_F96_m4f4_P82_Y0_UO194","MXY",1,0,0,0,0,0,0,0,-9999,0.5,1,"P3_CV0",1,0,2,2,0,0,2,0,2
4,-253798.3533,279406.7349,"S4_F82_m4f4_P82_Y7_UO209","I4_F82_m4f4_P10_Y5_UO201","I4_F82_m4f4_P82_Y5_UO270","MXY",1,0,0,0,0,0,0,0,-9999,0.65625,1,"P86_CV0",1,2,0,0,2,0,2,0,2
4,-253798.3533,279406.7349,"I4_F82_m77f77_P82_Y6_UO3417","I77_F10_m1f1_P33_Y2_UO61","I77_F10_m-1f-1_P4_Y-1_U27","MXY",2,0,1,0,0,0,0,1,-9999,0.75,1,"P0_CV0",1,1,1,1,1,0,2,0,2
4,-253798.3533,279406.7349,"ID4_F67_m9f9_P10_Y5_UO542","I9_F33_m9f9_P10_Y3_UO502","I9_F33_m1f1_P33_Y3_UO37","MXY",3,0,1,0,0,0,0,1,-9999,0.5625,1,"P76_CV0",1,1,1,0,2,0,2,0,2
4,-253798.3533,279406.7349,"ID4_F96_m4f4_P82_Y3_UO210","I4_F96_m4f4_P82_Y1_UO189","I4_F82_m4f4_P82_Y1_UO210","MXY",5,0,1,0,0,0,0,1,-9999,0.375,1,"P3_CV0",1,0,2,1,1,0,2,0,2
4,-253798.3533,279406.7349,"I4_F67_m4f4_P67_Y1_UO197","I4_F67_m-1f-1_P4_Y-1_U241","I4_F10_m-1f-1_P4_Y-1_U166","FXX",7,0,1,0,1,0,0,0,-9999,0.5,1,"P3_CV0",1,0,2,1,1,0,2,0,2
4,-253798.3533,279406.7349,"ID4_F82_m-1f-1_P4_Y-1_U74","-9999","-9999","MXY",16,0,1,0,0,0,0,1,-9999,0.5,1,"P3_CV0",1,1,1,2,0,0,2,0,2
5,-347344.1237,-1226931.373,"S5_F81_m5f5_P81_Y7_UO336","ID5_F81_m80f80_P72_Y4_UO3616","ID5_F81_m-1f-1_P80_Y-1_U240","MXY",1,0,0,0,0,0,0,0,-9999,0.0625,1,"P93_CV0",1,0,2,1,1,0,2,0,2
5,-347344.1237,-1226931.373,"S5_F72_m80f80_P72_Y7_UO3646","I80_F72_m80f80_P72_Y5_UO3657","I80_F81_m47f47_P81_Y3_UO2300","MXY",1,0,0,0,0,0,0,0,-9999,0.4375,1,"P46_CV0",1,1,1,2,0,0,2,0,2
5,-347344.1237,-1226931.373,"S5_F81_m5f5_P81_Y7_UO372","I5_F72_m80f80_P81_Y2_UO3580","I5_F81_m94f94_P81_Y5_UO4463","MXY",1,0,0,0,0,0,0,0,-9999,0.4375,1,"P41_CV0",1,1,1,2,0,0,2,0,2
5,-347344.1237,-1226931.373,"ID5_F72_m80f80_P72_Y6_UO3682","I80_F81_m80f80_P72_Y4_UO3664","I80_F72_m80f80_P72_Y4_UO3656","MXY",2,0,1,0,0,0,0,0,-9999,0.5625,1,"P93_CV0",1,0,2,2,0,0,2,0,2
5,-347344.1237,-1226931.373,"I5_F81_m47f47_P81_Y6_UO2341","I47_F81_m47f47_P81_Y4_UO2352","ID47_F81_m17f17_P64_Y1_UO924","FXX",2,0,1,0,1,0,0,0,-9999,0.25,1,"P46_CV0",1,1,1,1,1,0,2,0,2
5,-347344.1237,-1226931.373,"ID5_F81_m94f94_P81_Y4_UO4421","I94_F81_m-1f-1_P50_Y-1_U237","I94_F81_m95f95_P91_Y2_UO4409","FXX",4,0,1,0,1,0,0,0,-9999,0.4375,1,"P93_CV0",1,1,1,0,2,0,2,0,2
5,-347344.1237,-1226931.373,"I5_F81_m80f80_P81_Y2_UO3607","ID80_F72_m-1f-1_P80_Y-1_U135","ID80_F81_m-1f-1_P5_Y-1_U78","MXY",6,0,1,0,0,0,0,0,-9999,0.25,1,"P79_CV0",1,1,1,1,1,0,2,0,2
5,-347344.1237,-1226931.373,"I5_F81_m-1f-1_P80_Y-1_U18","-9999","-9999","MXY",16,0,1,0,0,0,0,0,-9999,0.5,1,"P79_CV0",1,1,1,0,2,0,2,0,2
7,-811616.8634,-376900.537,"S7_F13_m30f30_P13_Y7_UO1388","I30_F52_m90f90_P52_Y5_UO4227","I30_F38_m7f7_P13_Y3_UO425","MXY",1,0,0,0,0,0,0,0,-9999,0.46875,1,"P29_CV0",1,1,1,1,1,0,2,0,2
7,-811616.8634,-376900.537,"S7_F38_m37f37_P38_Y7_UO1787","I37_F74_m37f37_P74_Y2_UO1641","ID37_F52_m12f12_P52_Y2_UO723","MXY",1,0,0,0,0,0,0,0,-9999,0.1875,1,"P36_CV0",1,1,1,1,1,0,2,0,2
7,-811616.8634,-376900.537,"S7_F74_m37f37_P74_Y7_UO1709","I37_F38_m78f78_P13_Y5_UO3482","I37_F74_m46f46_P13_Y4_UO2271","FXX",1,0,0,0,0,0,0,0,-9999,0.375,1,"P59_CV0",1,0,2,2,0,0,2,0,2
7,-811616.8634,-376900.537,"I7_F38_m90f90_P35_Y6_UO4268","I90_F6_m46f46_P86_Y2_UO2174","I90_F86_m92f92_P57_Y4_UO4361","MXY",2,0,1,0,0,0,0,0,-9999,0.5,1,"P45_CV0",1,0,2,2,0,0,2,0,2
7,-811616.8634,-376900.537,"ID7_F13_m78f78_P38_Y6_UO3460","I78_F29_m30f30_P13_Y4_UO1415","I78_F38_m-1f-1_P78_Y-1_U35","MXY",2,0,1,0,0,0,0,0,-9999,0.0625,1,"P45_CV0",1,0,2,2,0,0,2,0,2
7,-811616.8634,-376900.537,"I7_F74_m78f78_P29_Y4_UO3447","ID78_F13_m78f78_P29_Y1_UO3275","ID78_F54_m12f12_P13_Y1_UO676","FXX",4,0,1,0,1,0,0,0,-9999,0.25,1,"P77_CV0",1,1,1,2,0,0,2,0,2
7,-811616.8634,-376900.537,"I7_F38_m37f37_P74_Y2_UO1642","I37_F38_m-1f-1_P37_Y-1_U150","I37_F38_m-1f-1_P37_Y-1_U101","MXY",6,0,1,0,0,0,0,0,-9999,0.5,1,"P36_CV0",1,1,1,2,0,0,2,0,2
7,-811616.8634,-376900.537,"I7_F52_m-1f-1_P37_Y-1_U44","-9999","-9999","MXY",16,0,1,0,0,0,0,0,-9999,1,1,"P36_CV0",1,2,0,0,2,0,2,0,2
9,-13432.88572,466595.3015,"S9_F10_m1f1_P10_Y7_UO5","I1_F33_m1f1_P10_Y5_UO81","I1_F10_m-1f-1_P9_Y-1_U79","MXY",1,0,0,0,0,0,0,0,-9999,0.28125,1,"P0_CV0",1,0,2,2,0,0,2,0,2
9,-13432.88572,466595.3015,"S9_F18_m9f9_P18_Y7_UO541","ID9_F10_m1f1_P33_Y5_UO37","ID9_F96_m1f1_P33_Y5_UO24","FXX",1,0,0,0,0,0,0,0,-9999,0.46875,1,"P0_CV0",1,0,2,1,1,0,2,0,2
9,-13432.88572,466595.3015,"S9_F33_m1f1_P33_Y7_UO46","I1_F33_m9f9_P44_Y4_UO539","I1_F44_m9f9_P33_Y3_UO533","MXY",1,0,0,0,0,0,0,0,-9999,0.5625,1,"P8_CV0",1,1,1,1,1,0,2,0,2
9,-13432.88572,466595.3015,"ID9_F10_m9f9_P10_Y6_UO543","I9_F10_m1f1_P33_Y4_UO9","ID9_F33_m1f1_P33_Y1_UO80","MXY",2,0,1,0,0,0,0,0,-9999,0.5,1,"P76_CV0",1,2,0,0,2,0,2,0,2
9,-13432.88572,466595.3015,"ID9_F44_m9f9_P33_Y5_UO588","I9_F33_m1f1_P10_Y0_UO55","I9_F10_m-1f-1_P77_Y-1_U65","FXX",3,0,1,0,1,0,0,0,-9999,0.625,1,"P0_CV0",1,1,1,1,1,0,2,0,2
9,-13432.88572,466595.3015,"I9_F33_m1f1_P44_Y4_UO101","I1_F10_m-1f-1_P1_Y-1_U207","ID1_F96_m77f77_P96_Y2_UO3305","MXY",4,0,1,0,0,0,0,0,-9999,0.625,1,"P76_CV0",1,1,1,2,0,0,2,0,2
9,-13432.88572,466595.3015,"I9_F10_m1f1_P44_Y2_UO2","ID1_F33_m77f77_P10_Y0_UO3621","ID1_F33_m77f77_P10_Y0_UO3568","FXX",6,0,1,0,1,0,0,0,-9999,0.5,1,"P76_CV0",1,2,0,1,1,0,2,0,2
9,-13432.88572,466595.3015,"ID9_F18_m-1f-1_P1_Y-1_U47","-9999","-9999","FXX",16,0,1,0,1,0,0,0,-9999,1,1,"P0_CV0",1,2,0,1,1,0,2,0,2
11,167746.5251,-473515.3538,"S11_F2_m85f85_P2_Y7_UO3964","ID85_F68_m63f63_P98_Y4_UO2999","I85_F69_m63f63_P69_Y5_UO2993","MXY",1,0,0,0,0,0,0,0,-9999,0.46875,1,"P24_CV0",1,2,0,1,1,0,2,0,2
11,167746.5251,-473515.3538,"ID11_F89_m15f15_P89_Y6_UO844","I15_F41_m73f73_P41_Y1_UO3087","I15_F41_m11f11_P89_Y0_UO670","MXY",2,0,1,0,0,0,0,0,-9999,0.5,1,"P10_CV0",1,2,0,1,1,0,2,0,2
11,167746.5251,-473515.3538,"I11_F89_m95f95_P28_Y3_UO4450","I95_F64_m-1f-1_P17_Y-1_U8","I95_F64_m17f17_P64_Y0_UO1045","FXX",5,0,1,0,1,0,0,0,-9999,0.625,1,"P16_CV0",1,1,1,1,1,0,2,0,2
11,167746.5251,-473515.3538,"I11_F49_m15f15_P89_Y1_UO754","I15_F41_m-1f-1_P15_Y-1_U249","I15_F41_m-1f-1_P15_Y-1_U224","MXY",7,0,1,0,0,0,0,0,-9999,0.75,1,"P14_CV0",1,2,0,0,2,0,2,0,2
11,167746.5251,-473515.3538,"I11_F89_m-1f-1_P73_Y-1_U210","-9999","-9999","MXY",9,0,1,0,0,0,0,0,-9999,1,1,"P72_CV0",1,2,0,1,1,0,2,0,2
11,167746.5251,-473515.3538,"I11_F48_m-1f-1_P11_Y-1_U208","-9999","-9999","FXX",11,0,1,0,1,0,0,0,-9999,0.5,1,"P10_CV0",1,1,1,0,2,0,2,0,2
11,167746.5251,-473515.3538,"I11_F89_m-1f-1_P11_Y-1_U115","-9999","-9999","FXX",13,0,1,0,1,0,0,0,-9999,0.5,1,"P10_CV0",1,1,1,1,1,0,2,0,2
11,167746.5251,-473515.3538,"I11_F69_m-1f-1_P11_Y-1_U247","-9999","-9999","FXX",16,0,1,0,1,0,0,0,-9999,1,1,"P10_CV0",1,2,0,2,0,0,2,0,2
12,-488911.7714,-442226.7834,"S12_F6_m92f92_P6_Y7_UO4280","I92_F6_m90f90_P86_Y5_UO4237","I92_F99_m50f50_P99_Y2_UO2291","FXX",1,0,0,0,0,0,0,0,-9999,0.5,1,"P49_CV0",1,1,1,0,2,0,2,0,2
12,-488911.7714,-442226.7834,"S12_F52_m12f12_P52_Y7_UO739","I12_F52_m7f7_P52_Y1_UO382","I12_F52_m-1f-1_P90_Y-1_U139","MXY",1,0,0,0,0,0,0,0,-9999,0.5,1,"P6_CV0",1,2,0,1,1,0,2,0,2
12,-488911.7714,-442226.7834,"I12_F52_m90f90_P52_Y6_UO4278","I90_F35_m23f23_P6_Y1_UO1063","ID90_F6_m92f92_P57_Y3_UO4325","FXX",2,0,1,0,1,0,0,0,-9999,0.375,1,"P22_CV0",1,0,2,0,2,0,2,0,2
12,-488911.7714,-442226.7834,"I12_F52_m92f92_P57_Y6_UO4374","I92_F99_m23f23_P57_Y3_UO1175","I92_F6_m94f94_P99_Y3_UO4376","FXX",2,0,1,0,1,0,0,0,-9999,0.6875,1,"P93_CV0",1,0,2,1,1,0,2,0,2
12,-488911.7714,-442226.7834,"I12_F52_m46f46_P86_Y4_UO2281","I46_F52_m-1f-1_P12_Y-1_U166","I46_F52_m-1f-1_P39_Y-1_U75","FXX",4,0,1,0,1,0,0,0,-9999,0.5,1,"P38_CV0",1,1,1,0,2,0,2,0,2
12,-488911.7714,-442226.7834,"I12_F52_m46f46_P52_Y3_UO2220","I46_F52_m-1f-1_P7_Y-1_U229","ID46_F52_m39f39_P19_Y1_UO1580","FXX",5,0,1,0,1,0,0,0,-9999,0.875,1,"P6_CV0",1,2,0,1,1,0,2,0,2
12,-488911.7714,-442226.7834,"I12_F52_m46f46_P86_Y1_UO1999","I46_F52_m-1f-1_P46_Y-1_U181","I46_F93_m-1f-1_P46_Y-1_U109","MXY",7,0,1,0,0,0,0,0,-9999,0.5,1,"P45_CV0",1,1,1,0,2,0,2,0,2
12,-488911.7714,-442226.7834,"I12_F86_m-1f-1_P12_Y-1_U45","-9999","-9999","FXX",16,0,1,0,1,0,0,0,-9999,0.5,1,"P11_CV0",1,1,1,0,2,0,2,0,2
15,148036.8078,-185805.2191,"S15_F14_m15f15_P14_Y7_UO802","I15_F41_m11f11_P48_Y4_UO668","I15_F41_m60f60_P14_Y5_UO2752","FXX",1,0,0,0,0,0,0,0,-9999,0.75,1,"P10_CV0",1,1,1,2,0,0,2,0,2
15,148036.8078,-185805.2191,"S15_F41_m15f15_P41_Y7_UO839","I15_F41_m73f73_P89_Y2_UO3232","ID15_F89_m55f55_P89_Y5_UO2575","FXX",1,0,0,0,0,0,0,0,-9999,0.5625,1,"P54_CV0",1,1,1,1,1,0,2,0,2
15,148036.8078,-185805.2191,"S15_F89_m73f73_P89_Y7_UO3277","I73_F89_m73f73_P89_Y5_UO3246","I73_F41_m73f73_P89_Y1_UO3066","MXY",1,0,0,0,0,0,0,0,-9999,0.53125,1,"P54_CV0",1,2,0,1,1,0,2,0,2
15,148036.8078,-185805.2191,"I15_F89_m15f15_P14_Y6_UO860","ID15_F48_m-1f-1_P43_Y-1_U233","ID15_F89_m-1f-1_P73_Y-1_U14","FXX",2,0,1,0,1,0,0,0,-9999,0.75,1,"P72_CV0",1,2,0,2,0,0,2,0,2
15,148036.8078,-185805.2191,"I15_F89_m73f73_P41_Y5_UO3319","I73_F89_m73f73_P41_Y0_UO3482","I73_F89_m-1f-1_P55_Y-1_U99","FXX",3,0,1,0,1,0,0,0,-9999,0.375,1,"P54_CV0",1,1,1,2,0,0,2,0,2
15,148036.8078,-185805.2191,"I15_F89_m73f73_P89_Y4_UO3335","I73_F89_m-1f-1_P73_Y-1_U224","ID73_F41_m55f55_P41_Y0_UO2759","FXX",4,0,1,0,1,0,0,0,-9999,0.625,1,"P72_CV0",1,2,0,2,0,0,2,0,2
15,148036.8078,-185805.2191,"I15_F89_m73f73_P41_Y1_UO3131","I73_F89_m-1f-1_P73_Y-1_U28","I73_F89_m-1f-1_P73_Y-1_U184","MXY",7,0,1,0,0,0,0,0,-9999,0.75,1,"P72_CV0",1,1,1,1,1,0,2,0,2
15,148036.8078,-185805.2191,"I15_F89_m-1f-1_P73_Y-1_U136","-9999","-9999","MXY",16,0,1,0,0,0,0,0,-9999,0.5,1,"P72_CV0",1,1,1,2,0,0,2,0,2
16,234030.1371,-1704046.376,"S16_F59_m3f3_P59_Y7_UO141","I3_F59_m79f79_P64_Y4_UO3507","I3_F59_m3f3_P59_Y3_UO136","FXX",1,0,0,0,0,0,0,0,-9999,0.65625,1,"P15_CV0",1,1,1,0,2,0,2,0,2
16,234030.1371,-1704046.376,"S16_F59_m3f3_P59_Y7_UO174","I3_F59_m56f56_P59_Y2_UO2557","I3_F59_m56f56_P59_Y4_UO2687","FXX",1,0,0,0,0,0,0,0,-9999,0.4375,1,"P55_CV0",1,0,2,1,1,0,2,0,2
16,234030.1371,-1704046.376,"I16_F59_m79f79_P59_Y5_UO3532","I79_F64_m17f17_P64_Y2_UO961","I79_F59_m17f17_P64_Y3_UO1005","FXX",3,0,1,0,1,0,0,0,-9999,0.5,1,"P16_CV0",1,1,1,1,1,0,2,0,2
16,234030.1371,-1704046.376,"ID16_F59_m56f56_P59_Y3_UO2651","I56_F59_m-1f-1_P56_Y-1_U175","I56_F59_m-1f-1_P16_Y-1_U7","MXY",5,0,1,0,0,0,0,0,-9999,0.75,1,"P55_CV0",1,1,1,0,2,0,2,0,2
16,234030.1371,-1704046.376,"I16_F59_m3f3_P59_Y1_UO118","I3_F59_m-1f-1_P3_Y-1_U32","I3_F59_m-1f-1_P3_Y-1_U31","FXX",7,0,1,0,1,0,0,0,-9999,0.5,1,"P2_CV0",1,1,1,2,0,0,2,0,2
16,234030.1371,-1704046.376,"ID16_F59_m-1f-1_P16_Y-1_U0","-9999","-9999","FXX",10,0,1,0,1,0,0,0,-9999,0,1,"P15_CV0",1,0,2,0,2,0,2,0,2
16,234030.1371,-1704046.376,"ID16_F59_m-1f-1_P16_Y-1_U227","-9999","-9999","FXX",12,0,1,0,1,0,0,0,-9999,0.5,1,"P15_CV0",1,1,1,0,2,0,2,0,2
16,234030.1371,-1704046.376,"I16_F59_m-1f-1_P16_Y-1_U103","-9999","-9999","MXY",16,0,1,0,0,0,0,0,-9999,1,1,"P15_CV0",1,2,0,1,1,0,2,0,2
17,40608.09729,-1397186.425,"S17_F59_m16f16_P59_Y7_UO895","ID16_F59_m16f16_P59_Y0_UO918","I16_F59_m79f79_P59_Y5_UO3535","FXX",1,0,0,0,0,0,0,0,-9999,0.25,1,"P15_CV0",1,1,1,0,2,0,2,0,2
17,40608.09729,-1397186.425,"S17_F64_m79f79_P64_Y7_UO3519","ID79_F59_m56f56_P59_Y5_UO2619","I79_F59_m3f3_P59_Y5_UO109","MXY",1,0,0,0,0,0,0,0,-9999,0.4375,1,"P2_CV0",1,2,0,1,1,0,2,0,2
17,40608.09729,-1397186.425,"S17_F64_m17f17_P64_Y7_UO985","I17_F64_m95f95_P64_Y1_UO4307","ID17_F64_m79f79_P64_Y2_UO3495","MXY",1,0,0,0,0,0,0,0,-9999,0.375,1,"P94_CV0",1,1,1,2,0,0,2,0,2
17,40608.09729,-1397186.425,"ID17_F59_m56f56_P59_Y6_UO2701","I56_F59_m-1f-1_P56_Y-1_U185","I56_F59_m-1f-1_P56_Y-1_U140","MXY",2,0,1,0,0,0,0,0,-9999,0.5,1,"P55_CV0",1,1,1,1,1,0,2,0,2
17,40608.09729,-1397186.425,"I17_F64_m79f79_P64_Y5_UO3537","I79_F59_m95f95_P64_Y2_UO4461","ID79_F59_m-1f-1_P17_Y-1_U122","FXX",3,0,1,0,1,0,0,0,-9999,0.5,1,"P16_CV0",1,0,2,0,2,0,2,0,2
17,40608.09729,-1397186.425,"I17_F64_m17f17_P64_Y3_UO987","I17_F64_m-1f-1_P17_Y-1_U65","I17_F59_m-1f-1_P79_Y-1_U82","MXY",5,0,1,0,0,0,0,0,-9999,0.5,1,"P78_CV0",1,2,0,0,2,0,2,0,2
17,40608.09729,-1397186.425,"I17_F64_m-1f-1_P17_Y-1_U91","-9999","-9999","FXX",9,0,1,0,1,0,0,0,-9999,0.5,1,"P16_CV0",1,1,1,0,2,0,2,0,2
17,40608.09729,-1397186.425,"I17_F64_m-1f-1_P17_Y-1_U222","-9999","-9999","MXY",16,0,1,0,0,0,0,0,-9999,0.5,1,"P16_CV0",1,1,1,2,0,0,2,0,2
22,-1095910.274,-762664.4736,"S22_F71_m22f22_P71_Y7_UO1016","I22_F71_m22f22_P71_Y5_UO1018","I22_F71_m22f22_P71_Y3_UO1075","MXY",1,0,0,0,0,0,0,0,-9999,0.5,1,"P21_CV0",1,2,0,1,1,0,2,0,2
22,-1095910.274,-762664.4736,"S22_F71_m22f22_P71_Y7_UO1058","ID22_F71_m22f22_P71_Y4_UO1087","I22_F71_m22f22_P71_Y4_UO1132","FXX",1,0,0,0,0,0,0,0,-9999,0.375,1,"P21_CV0",1,0,2,2,0,0,2,0,2
22,-1095910.274,-762664.4736,"S22_F71_m22f22_P71_Y7_UO1099","I22_F71_m-1f-1_P22_Y-1_U223","I22_F71_m22f22_P71_Y1_UO978","FXX",1,0,0,0,0,0,0,0,-9999,0.25,1,"P21_CV0",1,1,1,1,1,0,2,0,2
22,-1095910.274,-762664.4736,"I22_F71_m22f22_P71_Y6_UO1029","I22_F76_m22f22_P71_Y4_UO1055","I22_F71_m22f22_P71_Y0_UO1222","FXX",2,0,1,0,1,0,0,0,-9999,0.65625,1,"P21_CV0",1,2,0,1,1,0,2,0,2
22,-1095910.274,-762664.4736,"ID22_F71_m22f22_P71_Y5_UO1041","I22_F71_m22f22_P71_Y2_UO1079","I22_F76_m22f22_P71_Y1_UO1047","FXX",3,0,1,0,1,0,0,0,-9999,0.625,1,"P21_CV0",1,0,2,2,0,0,2,0,2
22,-1095910.274,-762664.4736,"ID22_F71_m22f22_P71_Y3_UO1094","I22_F71_m-1f-1_P22_Y-1_U134","ID22_F71_m22f22_P71_Y0_UO1123","MXY",5,0,1,0,0,0,0,0,-9999,1,1,"P21_CV0",1,2,0,1,1,0,2,0,2
22,-1095910.274,-762664.4736,"I22_F71_m22f22_P71_Y1_UO977","ID22_F71_m-1f-1_P22_Y-1_U0","I22_F71_m-1f-1_P22_Y-1_U230","MXY",7,0,1,0,0,0,0,0,-9999,0.75,1,"P21_CV0",1,1,1,1,1,0,2,0,2
22,-1095910.274,-762664.4736,"I22_F71_m-1f-1_P22_Y-1_U183","-9999","-9999","FXX",16,0,1,0,1,0,0,0,-9999,0.5,1,"P21_CV0",1,1,1,1,1,0,2,0,2
23,-579289.0056,-669052.3534,"S23_F27_m90f90_P27_Y7_UO4154","I90_F86_m90f90_P35_Y5_UO4176","I90_F86_m12f12_P86_Y4_UO731","FXX",1,0,0,0,0,0,0,0,-9999,0.53125,1,"P11_CV0",1,2,0,1,1,0,2,0,2
23,-579289.0056,-669052.3534,"S23_F35_m23f23_P35_Y7_UO1187","I23_F86_m42f42_P57_Y3_UO1961","I23_F57_m-1f-1_P90_Y-1_U203","MXY",1,0,0,0,0,0,0,0,-9999,1,1,"P41_CV0",1,2,0,1,1,0,2,0,2
23,-579289.0056,-669052.3534,"S23_F57_m92f92_P57_Y7_UO4338","I92_F57_m23f23_P57_Y3_UO1175","I92_F6_m42f42_P99_Y5_UO2009","MXY",1,0,0,0,0,0,0,0,-9999,0.53125,1,"P6_CV0",1,2,0,0,2,0,2,0,2
23,-579289.0056,-669052.3534,"I23_F6_m23f23_P35_Y6_UO1144","ID23_F27_m90f90_P6_Y4_UO4142","ID23_F27_m46f46_P52_Y1_UO2056","FXX",2,0,1,0,1,0,0,0,-9999,0.34375,1,"P45_CV0",1,1,1,0,2,0,2,0,2
23,-579289.0056,-669052.3534,"I23_F35_m90f90_P6_Y6_UO4257","ID90_F52_m45f45_P6_Y2_UO2084","I90_F52_m90f90_P86_Y2_UO4192","MXY",2,0,1,0,0,0,0,0,-9999,0.75,1,"P89_CV0",1,1,1,2,0,0,2,0,2
23,-579289.0056,-669052.3534,"I23_F27_m46f46_P35_Y5_UO2275","I46_F13_m46f46_P13_Y1_UO2057","I46_F52_m-1f-1_P37_Y-1_U32","FXX",3,0,1,0,1,0,0,0,-9999,0.625,1,"P89_CV0",1,1,1,0,2,0,2,0,2
23,-579289.0056,-669052.3534,"I23_F35_m45f45_P86_Y2_UO2078","I45_F57_m-1f-1_P45_Y-1_U129","I45_F57_m-1f-1_P45_Y-1_U218","MXY",6,0,1,0,0,0,0,0,-9999,0.75,1,"P44_CV0",1,2,0,2,0,0,2,0,2
23,-579289.0056,-669052.3534,"I23_F86_m-1f-1_P12_Y-1_U157","-9999","-9999","FXX",16,0,1,0,1,0,0,0,-9999,0,1,"P11_CV0",1,0,2,2,0,0,2,0,2
25,-100782.9361,-595804.2941,"S25_F2_m25f25_P2_Y7_UO1352","I25_F68_m-1f-1_P84_Y-1_U33","I25_F68_m84f84_P8_Y3_UO3785","FXX",1,0,0,0,0,0,0,0,-9999,0.625,1,"P83_CV0",1,2,0,2,0,0,2,0,2
25,-100782.9361,-595804.2941,"S25_F36_m25f25_P36_Y7_UO1241","ID25_F36_m85f85_P36_Y5_UO3955","ID25_F48_m31f31_P68_Y1_UO1367","FXX",1,0,0,0,0,0,0,0,-9999,0.4375,1,"P30_CV0",1,2,0,0,2,0,2,0,2
25,-100782.9361,-595804.2941,"S25_F68_m85f85_P68_Y7_UO3924","I85_F36_m85f85_P69_Y5_UO3914","I85_F36_m85f85_P36_Y0_UO4253","MXY",1,0,0,0,0,0,0,0,-9999,0.15625,1,"P84_CV0",1,0,2,0,2,0,2,0,2
25,-100782.9361,-595804.2941,"I25_F68_m84f84_P8_Y6_UO3894","I84_F68_m85f85_P69_Y2_UO3936","I84_F68_m31f31_P8_Y4_UO1489","FXX",2,0,1,0,1,0,0,0,-9999,0.40625,1,"P99_CV0",1,2,0,1,1,0,2,0,2
25,-100782.9361,-595804.2941,"I25_F36_m85f85_P36_Y5_UO3955","I85_F69_m31f31_P68_Y1_UO1364","I85_F36_m63f63_P36_Y3_UO2985","FXX",3,0,1,0,1,0,0,0,-9999,0.375,1,"P30_CV0",1,1,1,0,2,0,2,0,2
25,-100782.9361,-595804.2941,"I25_F69_m85f85_P69_Y3_UO3858","I85_F2_m85f85_P2_Y1_UO3730","I85_F36_m84f84_P36_Y0_UO4134","FXX",5,0,1,0,1,0,0,0,-9999,0.75,1,"P84_CV0",1,1,1,1,1,0,2,0,2
25,-100782.9361,-595804.2941,"I25_F8_m63f63_P8_Y1_UO2807","I63_F8_m-1f-1_P63_Y-1_U181","ID63_F8_m-1f-1_P63_Y-1_U147","FXX",7,0,1,0,1,0,0,0,-9999,0.5,1,"P62_CV0",1,1,1,1,1,0,2,0,2
25,-100782.9361,-595804.2941,"I25_F68_m-1f-1_P100_Y-1_U112","-9999","-9999","FXX",16,0,1,0,1,0,0,0,-9999,0.5,1,"P99_CV0",1,1,1,2,0,0,2,0,2
30,-675899.8122,-361060.5334,"S30_F13_m30f30_P13_Y7_UO1398","I30_F38_m46f46_P52_Y4_UO2237","I30_F52_m90f90_P52_Y5_UO4257","FXX",1,0,0,0,0,0,0,0,-9999,0.625,1,"P11_CV0",1,1,1,1,1,0,2,0,2
30,-675899.8122,-361060.5334,"S30_F38_m30f30_P38_Y7_UO1459","I30_F93_m-1f-1_P90_Y-1_U199","I30_F13_m46f46_P52_Y2_UO2192","MXY",1,0,0,0,0,0,0,0,-9999,0.875,1,"P45_CV0",1,2,0,2,0,0,2,0,2
30,-675899.8122,-361060.5334,"S30_F74_m37f37_P74_Y7_UO1770","ID37_F52_m78f78_P93_Y3_UO3415","I37_F38_m7f7_P74_Y3_UO475","FXX",1,0,0,0,0,0,0,0,-9999,0.5625,1,"P6_CV0",1,1,1,1,1,0,2,0,2
30,-675899.8122,-361060.5334,"I30_F93_m30f30_P13_Y6_UO1456","ID30_F38_m-1f-1_P30_Y-1_U118","I30_F13_m-1f-1_P30_Y-1_U41","MXY",2,0,1,0,0,0,0,0,-9999,0.75,1,"P29_CV0",1,2,0,2,0,0,2,0,2
30,-675899.8122,-361060.5334,"I30_F93_m30f30_P38_Y5_UO1438","I30_F52_m-1f-1_P30_Y-1_U107","I30_F13_m-1f-1_P30_Y-1_U225","FXX",3,0,1,0,1,0,0,0,-9999,0.5,1,"P29_CV0",1,1,1,1,1,0,2,0,2
30,-675899.8122,-361060.5334,"ID30_F52_m7f7_P38_Y4_UO489","I7_F38_m7f7_P38_Y0_UO404","I7_F29_m7f7_P29_Y1_UO367","MXY",4,0,1,0,0,0,0,0,-9999,0.375,1,"P6_CV0",1,1,1,1,1,0,2,0,2
30,-675899.8122,-361060.5334,"I30_F13_m39f39_P19_Y0_UO1859","R39_F39_m-1f-1_P39_Y-1_U160","R39_F39_m-1f-1_P39_Y-1_U200","FXX",8,0,1,0,1,0,0,0,-9999,0.75,1,"P38_CV0",1,1,1,1,1,0,2,0,2
30,-675899.8122,-361060.5334,"I30_F52_m-1f-1_P90_Y-1_U84","-9999","-9999","FXX",16,0,1,0,1,0,0,0,-9999,0.5,1,"P89_CV0",1,1,1,2,0,0,2,0,2
31,-195957.2118,-555162.8139,"S31_F8_m45f45_P8_Y7_UO2284","ID45_F35_m-1f-1_P90_Y-1_U121","ID45_F27_m90f90_P86_Y3_UO4189","FXX",1,0,0,0,0,0,0,0,-9999,0.5,1,"P22_CV0",1,1,1,0,2,0,2,0,2
31,-195957.2118,-555162.8139,"S31_F68_m63f63_P68_Y7_UO3030","I63_F8_m43f43_P48_Y3_UO2005","ID63_F48_m65f65_P8_Y3_UO3071","MXY",1,0,0,0,0,0,0,0,-9999,0.3125,1,"P10_CV0",1,1,1,0,2,0,2,0,2
31,-195957.2118,-555162.8139,"S31_F69_m85f85_P69_Y7_UO3959","I85_F98_m95f95_P91_Y4_UO4474","I85_F8_m-1f-1_P65_Y-1_U32","MXY",1,0,0,0,0,0,0,0,-9999,0.5625,1,"P94_CV0",1,1,1,0,2,0,2,0,2
31,-195957.2118,-555162.8139,"ID31_F36_m84f84_P68_Y6_UO3890","ID84_F68_m65f65_P98_Y3_UO3024","I84_F69_m84f84_P69_Y4_UO3823","MXY",2,0,1,0,0,0,0,0,-9999,0.375,1,"P64_CV0",1,0,2,1,1,0,2,0,2
31,-195957.2118,-555162.8139,"I31_F68_m65f65_P69_Y5_UO3096","I65_F8_m63f63_P8_Y1_UO2832","I65_F68_m84f84_P98_Y2_UO3809","FXX",3,0,1,0,1,0,0,0,-9999,0.625,1,"P83_CV0",1,0,2,1,1,0,2,0,2
31,-195957.2118,-555162.8139,"ID31_F68_m63f63_P8_Y4_UO2962","I63_F8_m45f45_P68_Y2_UO2105","I63_F8_m84f84_P8_Y1_UO3644","MXY",4,0,1,0,0,0,0,0,-9999,0.5,1,"P44_CV0",1,1,1,0,2,0,2,0,2
31,-195957.2118,-555162.8139,"I31_F8_m45f45_P8_Y1_UO1983","I45_F6_m-1f-1_P45_Y-1_U191","I45_F68_m-1f-1_P45_Y-1_U201","FXX",7,0,1,0,1,0,0,0,-9999,0.25,1,"P44_CV0",1,0,2,1,1,0,2,0,2
31,-195957.2118,-555162.8139,"I31_F68_m-1f-1_P100_Y-1_U0","-9999","-9999","FXX",16,0,1,0,1,0,0,0,-9999,0.5,1,"P99_CV0",1,1,1,1,1,0,2,0,2
34,-996290.3848,81471.32405,"S34_F26_m53f53_P26_Y7_UO2483","I53_F26_m53f53_P26_Y5_UO2459","ID53_F26_m-1f-1_P53_Y-1_U17","MXY",1,0,0,0,0,0,0,0,-9999,0.625,1,"P52_CV0",1,2,0,1,1,0,2,0,2
34,-996290.3848,81471.32405,"S34_F54_m34f34_P54_Y7_UO1631","I34_F66_m34f34_P61_Y3_UO1570","I34_F54_m34f34_P66_Y5_UO1591","FXX",1,0,0,0,0,0,0,0,-9999,0.3125,1,"P33_CV0",1,0,2,2,0,0,2,0,2
34,-996290.3848,81471.32405,"S34_F61_m34f34_P61_Y7_UO1649","I34_F32_m34f34_P32_Y2_UO1570","I34_F32_m34f34_P54_Y3_UO1555","FXX",1,0,0,0,0,0,0,0,-9999,0.625,1,"P33_CV0",1,2,0,1,1,0,2,0,2
34,-996290.3848,81471.32405,"I34_F54_m88f88_P54_Y6_UO4168","ID88_F29_m-1f-1_P88_Y-1_U216","I88_F74_m88f88_P54_Y0_UO4438","MXY",2,0,1,0,0,0,0,0,-9999,0.125,1,"P87_CV0",1,0,2,1,1,0,2,0,2
34,-996290.3848,81471.32405,"I34_F54_m34f34_P32_Y5_UO1617","ID34_F32_m34f34_P32_Y1_UO1470","I34_F54_m34f34_P54_Y0_UO1648","FXX",3,0,1,0,1,0,0,0,-9999,0.625,1,"P33_CV0",1,2,0,1,1,0,2,0,2
34,-996290.3848,81471.32405,"I34_F54_m34f34_P66_Y4_UO1649","I34_F32_m-1f-1_P34_Y-1_U134","I34_F61_m-1f-1_P34_Y-1_U192","FXX",4,0,1,0,1,0,0,0,-9999,0.75,1,"P33_CV0",1,2,0,0,2,0,2,0,2
34,-996290.3848,81471.32405,"I34_F32_m88f88_P29_Y2_UO4058","I88_F29_m-1f-1_P88_Y-1_U243","I88_F29_m-1f-1_P88_Y-1_U0","FXX",6,0,1,0,1,0,0,0,-9999,0.25,1,"P87_CV0",1,1,1,0,2,0,2,0,2
34,-996290.3848,81471.32405,"ID34_F54_m-1f-1_P34_Y-1_U202","-9999","-9999","FXX",16,0,1,0,1,0,0,0,-9999,0.5,1,"P33_CV0",1,1,1,0,2,0,2,0,2
37,-768862.9582,-336841.2039,"S37_F13_m30f30_P13_Y7_UO1450","I30_F52_m12f12_P52_Y0_UO737","I30_F29_m-1f-1_P30_Y-1_U106","MXY",1,0,0,0,0,0,0,0,-9999,0.375,1,"P11_CV0",1,1,1,1,1,0,2,0,2
37,-768862.9582,-336841.2039,"S37_F38_m37f37_P38_Y7_UO1831","ID37_F74_m-1f-1_P30_Y-1_U182","I37_F38_m12f12_P52_Y4_UO744","MXY",1,0,0,0,0,0,0,0,-9999,0.34375,1,"P29_CV0",1,0,2,2,0,0,2,0,2
37,-768862.9582,-336841.2039,"S37_F74_m7f7_P74_Y7_UO424","I7_F29_m37f37_P38_Y5_UO1689","I7_F74_m78f78_P13_Y5_UO3421","FXX",1,0,0,0,0,0,0,0,-9999,0.6875,1,"P36_CV0",1,1,1,1,1,0,2,0,2
37,-768862.9582,-336841.2039,"I37_F74_m37f37_P74_Y6_UO1813","I37_F74_m-1f-1_P30_Y-1_U182","I37_F13_m-1f-1_P37_Y-1_U46","FXX",2,0,1,0,1,0,0,0,-9999,0.75,1,"P29_CV0",1,1,1,1,1,0,2,0,2
37,-768862.9582,-336841.2039,"I37_F74_m7f7_P29_Y5_UO453","I7_F38_m7f7_P74_Y2_UO376","ID7_F29_m-1f-1_P7_Y-1_U138","FXX",3,0,1,0,1,0,0,0,-9999,0.25,1,"P36_CV0",1,1,1,1,1,0,2,0,2
37,-768862.9582,-336841.2039,"I37_F38_m88f88_P29_Y4_UO4122","I88_F29_m-1f-1_P88_Y-1_U220","I88_F29_m-1f-1_P88_Y-1_U225","FXX",4,0,1,0,1,0,0,0,-9999,0.75,1,"P87_CV0",1,1,1,0,2,0,2,0,2
37,-768862.9582,-336841.2039,"I37_F38_m30f30_P13_Y2_UO1392","I30_F74_m-1f-1_P30_Y-1_U244","I30_F29_m-1f-1_P30_Y-1_U28","MXY",6,0,1,0,0,0,0,0,-9999,0.75,1,"P29_CV0",1,1,1,2,0,0,2,0,2
37,-768862.9582,-336841.2039,"ID37_F74_m-1f-1_P46_Y-1_U142","-9999","-9999","FXX",14,0,1,0,1,0,0,0,-9999,1,1,"P45_CV0",1,2,0,2,0,0,2,0,2
39,-356074.6805,-188157.7303,"S39_F13_m78f78_P13_Y7_UO3464","I78_F13_m39f39_P51_Y1_UO1581","I78_F54_m34f34_P54_Y3_UO1562","FXX",1,0,0,0,0,0,0,0,-9999,0.375,1,"P38_CV0",1,2,0,2,0,0,2,0,2
39,-356074.6805,-188157.7303,"S39_F51_m39f39_P51_Y7_UO1896","I39_F93_m39f39_P19_Y3_UO1777","I39_F51_m39f39_P51_Y0_UO1827","MXY",1,0,0,0,0,0,0,0,-9999,0.6875,1,"P38_CV0",1,1,1,0,2,0,2,0,2
39,-356074.6805,-188157.7303,"S39_F75_m60f60_P75_Y7_UO2795","I60_F75_m60f60_P75_Y5_UO2794","I60_F75_m60f60_P75_Y4_UO2794","MXY",1,0,0,0,0,0,0,0,-9999,0.6875,1,"P59_CV0",1,2,0,0,2,0,2,0,2
39,-356074.6805,-188157.7303,"I39_F75_m87f87_P51_Y6_UO4081","I87_F24_m87f87_P24_Y3_UO4022","ID87_F93_m-1f-1_P87_Y-1_U0","FXX",2,0,1,0,1,0,0,0,-9999,0.6875,1,"P86_CV0",1,2,0,0,2,0,2,0,2
39,-356074.6805,-188157.7303,"I39_F19_m39f39_P19_Y5_UO1788","I39_F75_m39f39_P19_Y3_UO1777","I39_F75_m60f60_P75_Y2_UO2800","FXX",3,0,1,0,1,0,0,0,-9999,0.5625,1,"P59_CV0",1,0,2,1,1,0,2,0,2
39,-356074.6805,-188157.7303,"ID39_F75_m39f39_P19_Y4_UO1806","I39_F51_m60f60_P75_Y2_UO2732","I39_F19_m39f39_P19_Y1_UO1644","FXX",4,0,1,0,1,0,0,0,-9999,0.625,1,"P38_CV0",1,1,1,1,1,0,2,0,2
39,-356074.6805,-188157.7303,"I39_F75_m39f39_P19_Y2_UO1743","ID39_F19_m-1f-1_P39_Y-1_U56","I39_F19_m39f39_P19_Y0_UO1884","FXX",6,0,1,0,1,0,0,0,-9999,0.625,1,"P38_CV0",1,1,1,0,2,0,2,0,2
39,-356074.6805,-188157.7303,"ID39_F75_m-1f-1_P46_Y-1_U109","-9999","-9999","MXY",15,0,1,0,0,0,0,0,-9999,0,1,"P45_CV0",1,0,2,0,2,0,2,0,2
40,-362899.2605,-798910.5605,"S40_F6_m23f23_P6_Y7_UO1195","ID23_F99_m12f12_P86_Y2_UO727","I23_F6_m23f23_P6_Y0_UO1262","MXY",1,0,0,0,0,0,0,0,-9999,0.375,1,"P11_CV0",1,0,2,1,1,0,2,0,2
40,-362899.2605,-798910.5605,"S40_F27_m90f90_P27_Y7_UO4262","ID90_F86_m-1f-1_P12_Y-1_U23","I90_F52_m45f45_P57_Y3_UO2095","MXY",1,0,0,0,0,0,0,0,-9999,0.8125,1,"P22_CV0",1,2,0,1,1,0,2,0,2
40,-362899.2605,-798910.5605,"I40_F99_m23f23_P6_Y6_UO1157","ID23_F6_m92f92_P57_Y3_UO4308","ID23_F52_m90f90_P27_Y4_UO4186","FXX",2,0,1,0,1,0,0,0,-9999,0.75,1,"P91_CV0",1,1,1,1,1,0,2,0,2
40,-362899.2605,-798910.5605,"I40_F57_m45f45_P6_Y6_UO2219","ID45_F52_m30f30_P35_Y3_UO1389","I45_F68_m40f40_P57_Y2_UO1822","FXX",2,0,1,0,1,0,0,0,-9999,0.1875,1,"P45_CV0",1,0,2,1,1,0,2,0,2
40,-362899.2605,-798910.5605,"ID40_F86_m92f92_P6_Y4_UO4264","I92_F99_m23f23_P57_Y2_UO1157","I92_F6_m-1f-1_P92_Y-1_U233","FXX",4,0,1,0,1,0,0,0,-9999,0.125,1,"P22_CV0",1,0,2,1,1,0,2,0,2
40,-362899.2605,-798910.5605,"I40_F57_m45f45_P6_Y3_UO2102","ID45_F35_m23f23_P57_Y1_UO1099","I45_F86_m-1f-1_P45_Y-1_U227","MXY",5,0,1,0,0,0,0,0,-9999,0.875,1,"P22_CV0",1,2,0,0,2,0,2,0,2
40,-362899.2605,-798910.5605,"ID40_F99_m45f45_P6_Y0_UO2215","R45_F45_m-1f-1_P45_Y-1_U88","R45_F45_m-1f-1_P45_Y-1_U217","MXY",8,0,1,0,0,0,0,0,-9999,0.5,1,"P44_CV0",1,1,1,2,0,0,2,0,2
40,-362899.2605,-798910.5605,"I40_F8_m-1f-1_P92_Y-1_U8","-9999","-9999","FXX",16,0,1,0,1,0,0,0,-9999,0.5,1,"P91_CV0",1,1,1,0,2,0,2,0,2
42,-441601.8143,-945357.8334,"S42_F6_m45f45_P6_Y7_UO2220","ID45_F6_m45f45_P86_Y5_UO2169","I45_F86_m92f92_P6_Y3_UO4310","FXX",1,0,0,0,0,0,0,0,-9999,0.46875,1,"P22_CV0",1,0,2,1,1,0,2,0,2
42,-441601.8143,-945357.8334,"S42_F99_m50f50_P99_Y7_UO2464","I50_F99_m-1f-1_P42_Y-1_U15","I50_F72_m42f42_P99_Y4_UO1998","FXX",1,0,0,0,0,0,0,0,-9999,0.5,1,"P49_CV0",1,1,1,1,1,0,2,0,2
42,-441601.8143,-945357.8334,"I42_F99_m92f92_P6_Y6_UO4434","I92_F99_m-1f-1_P92_Y-1_U31","ID92_F57_m40f40_P86_Y2_UO1817","MXY",2,0,1,0,0,0,0,0,-9999,0.5,1,"P91_CV0",1,1,1,1,1,0,2,0,2
42,-441601.8143,-945357.8334,"I42_F99_m42f42_P99_Y6_UO2085","I42_F99_m-1f-1_P50_Y-1_U162","I42_F99_m23f23_P99_Y3_UO1199","FXX",2,0,1,0,1,0,0,0,-9999,0.5,1,"P49_CV0",1,0,2,1,1,0,2,0,2
42,-441601.8143,-945357.8334,"ID42_F81_m47f47_P81_Y4_UO2327","I47_F81_m-1f-1_P47_Y-1_U239","I47_F81_m-1f-1_P47_Y-1_U146","FXX",4,0,1,0,1,0,0,0,-9999,0.5,1,"P46_CV0",1,1,1,2,0,0,2,0,2
42,-441601.8143,-945357.8334,"I42_F99_m23f23_P27_Y3_UO1192","I23_F57_m-1f-1_P23_Y-1_U185","ID23_F57_m-1f-1_P23_Y-1_U42","FXX",5,0,1,0,1,0,0,0,-9999,0.5,1,"P22_CV0",1,2,0,1,1,0,2,0,2
42,-441601.8143,-945357.8334,"I42_F6_m-1f-1_P42_Y-1_U64","-9999","-9999","FXX",9,0,1,0,1,0,0,0,-9999,1,1,"P41_CV0",1,2,0,2,0,0,2,0,2
42,-441601.8143,-945357.8334,"ID42_F81_m-1f-1_P58_Y-1_U200","-9999","-9999","MXY",16,0,1,0,0,0,0,0,-9999,0.5,1,"P57_CV0",1,1,1,1,1,0,2,0,2
43,-19328.93975,-283812.7952,"S43_F14_m15f15_P14_Y7_UO820","I15_F89_m15f15_P14_Y3_UO838","ID15_F89_m55f55_P89_Y5_UO2514","FXX",1,0,0,0,0,0,0,0,-9999,0.53125,1,"P14_CV0",1,0,2,1,1,0,2,0,2
43,-19328.93975,-283812.7952,"S43_F48_m43f43_P48_Y7_UO2191","I43_F49_m100f100_P48_Y0_UO4940","ID43_F49_m15f15_P41_Y4_UO780","MXY",1,0,0,0,0,0,0,0,-9999,0.625,1,"P72_CV0",1,2,0,1,1,0,2,0,2
43,-19328.93975,-283812.7952,"S43_F49_m43f43_P49_Y7_UO2158","I43_F49_m100f100_P49_Y4_UO4597","I43_F48_m100f100_P48_Y5_UO4635","FXX",1,0,0,0,0,0,0,0,-9999,0.65625,1,"P99_CV0",1,1,1,1,1,0,2,0,2
43,-19328.93975,-283812.7952,"I43_F49_m43f43_P48_Y6_UO2097","I43_F49_m43f43_P48_Y4_UO2058","I43_F48_m100f100_P49_Y4_UO4566","MXY",2,0,1,0,0,0,0,0,-9999,0.25,1,"P42_CV0",1,1,1,1,1,0,2,0,2
43,-19328.93975,-283812.7952,"I43_F48_m31f31_P48_Y5_UO1509","ID31_F68_m100f100_P49_Y0_UO4906","I31_F8_m84f84_P68_Y2_UO3746","FXX",3,0,1,0,1,0,0,0,-9999,0.625,1,"P99_CV0",1,2,0,1,1,0,2,0,2
43,-19328.93975,-283812.7952,"I43_F49_m100f100_P49_Y4_UO4574","ID100_F49_m55f55_P41_Y0_UO2714","I100_F49_m31f31_P68_Y2_UO1448","MXY",4,0,1,0,0,0,0,0,-9999,0.75,1,"P30_CV0",1,1,1,0,2,0,2,0,2
43,-19328.93975,-283812.7952,"I43_F48_m73f73_P41_Y2_UO3234","I73_F41_m-1f-1_P73_Y-1_U197","I73_F41_m-1f-1_P73_Y-1_U90","MXY",6,0,1,0,0,0,0,0,-9999,0.5,1,"P72_CV0",1,1,1,2,0,0,2,0,2
43,-19328.93975,-283812.7952,"I43_F49_m-1f-1_P43_Y-1_U14","-9999","-9999","FXX",16,0,1,0,1,0,0,0,-9999,1,1,"P42_CV0",1,2,0,0,2,0,2,0,2
45,-377658.2027,-630442.8287,"S45_F6_m45f45_P6_Y7_UO2223","I45_F86_m90f90_P86_Y5_UO4206","ID45_F57_m84f84_P68_Y5_UO3824","MXY",1,0,0,0,0,0,0,0,-9999,0.6875,1,"P11_CV0",1,2,0,0,2,0,2,0,2
45,-377658.2027,-630442.8287,"S45_F57_m50f50_P57_Y7_UO2468","I50_F99_m-1f-1_P92_Y-1_U57","I50_F99_m42f42_P99_Y4_UO1995","MXY",1,0,0,0,0,0,0,0,-9999,0.5625,1,"P49_CV0",1,2,0,1,1,0,2,0,2
45,-377658.2027,-630442.8287,"I45_F86_m23f23_P27_Y6_UO1169","I23_F6_m92f92_P57_Y3_UO4284","ID23_F86_m50f50_P6_Y2_UO2349","FXX",2,0,1,0,1,0,0,0,-9999,0.625,1,"P39_CV0",1,1,1,2,0,0,2,0,2
45,-377658.2027,-630442.8287,"I45_F86_m40f40_P57_Y6_UO1945","ID40_F8_m63f63_P68_Y3_UO2970","I40_F99_m42f42_P99_Y3_UO1975","MXY",2,0,1,0,0,0,0,0,-9999,0.625,1,"P41_CV0",1,1,1,0,2,0,2,0,2
45,-377658.2027,-630442.8287,"ID45_F6_m23f23_P6_Y5_UO1124","I23_F27_m23f23_P35_Y3_UO1162","I23_F57_m23f23_P27_Y3_UO1182","MXY",3,0,1,0,0,0,0,0,-9999,0.625,1,"P22_CV0",1,1,1,2,0,0,2,0,2
45,-377658.2027,-630442.8287,"I45_F86_m45f45_P86_Y3_UO2099","I45_F86_m40f40_P6_Y1_UO1674","I45_F57_m40f40_P57_Y0_UO1929","MXY",5,0,1,0,0,0,0,0,-9999,0.5,1,"P39_CV0",1,1,1,2,0,0,2,0,2
45,-377658.2027,-630442.8287,"I45_F57_m23f23_P57_Y1_UO1073","ID23_F35_m-1f-1_P23_Y-1_U238","I23_F57_m-1f-1_P23_Y-1_U36","FXX",7,0,1,0,1,0,0,0,-9999,0.5,1,"P22_CV0",1,2,0,2,0,0,2,0,2
45,-377658.2027,-630442.8287,"I45_F6_m-1f-1_P90_Y-1_U211","-9999","-9999","FXX",16,0,1,0,1,0,0,0,-9999,0.5,1,"P89_CV0",1,1,1,1,1,0,2,0,2
46,-512503.9779,-377177.2097,"S46_F13_m30f30_P13_Y7_UO1374","I30_F13_m90f90_P52_Y5_UO4160","I30_F13_m12f12_P52_Y5_UO730","FXX",1,0,0,0,0,0,0,0,-9999,0.59375,1,"P22_CV0",1,1,1,2,0,0,2,0,2
46,-512503.9779,-377177.2097,"S46_F52_m12f12_P52_Y7_UO681","I12_F57_m23f23_P86_Y5_UO1140","I12_F52_m58f58_P6_Y3_UO2733","MXY",1,0,0,0,0,0,0,0,-9999,0.25,1,"P49_CV0",1,1,1,1,1,0,2,0,2
46,-512503.9779,-377177.2097,"S46_F93_m78f78_P93_Y7_UO3450","ID78_F38_m87f87_P19_Y3_UO3989","I78_F38_m37f37_P38_Y4_UO1764","FXX",1,0,0,0,0,0,0,0,-9999,0.25,1,"P86_CV0",1,1,1,1,1,0,2,0,2
46,-512503.9779,-377177.2097,"I46_F13_m78f78_P13_Y6_UO3523","ID78_F13_m-1f-1_P78_Y-1_U92","I78_F13_m87f87_P24_Y1_UO3876","MXY",2,0,1,0,0,0,0,0,-9999,0.625,1,"P77_CV0",1,1,1,1,1,0,2,0,2
46,-512503.9779,-377177.2097,"I46_F52_m30f30_P38_Y5_UO1454","I30_F38_m-1f-1_P90_Y-1_U84","ID30_F52_m46f46_P52_Y0_UO2340","FXX",3,0,1,0,1,0,0,0,-9999,0.75,1,"P89_CV0",1,1,1,1,1,0,2,0,2
46,-512503.9779,-377177.2097,"I46_F52_m46f46_P52_Y3_UO2218","ID46_F52_m-1f-1_P12_Y-1_U166","ID46_F52_m-1f-1_P46_Y-1_U79","FXX",5,0,1,0,1,0,0,0,-9999,0.25,1,"P45_CV0",1,0,2,0,2,0,2,0,2
46,-512503.9779,-377177.2097,"ID46_F13_m78f78_P38_Y0_UO3707","R78_F78_m-1f-1_P78_Y-1_U103","R78_F78_m-1f-1_P78_Y-1_U140","FXX",8,0,1,0,1,0,0,0,-9999,0.25,1,"P77_CV0",1,1,1,2,0,0,2,0,2
46,-512503.9779,-377177.2097,"I46_F52_m-1f-1_P45_Y-1_U83","-9999","-9999","FXX",16,0,1,0,1,0,0,0,-9999,1,1,"P44_CV0",1,2,0,1,1,0,2,0,2
47,-141051.7758,-1469014.769,"S47_F81_m80f80_P81_Y7_UO3645","I80_F72_m5f5_P72_Y5_UO386","I80_F81_m-1f-1_P80_Y-1_U177","MXY",1,0,0,0,0,0,0,0,-9999,0.375,1,"P79_CV0",1,1,1,0,2,0,2,0,2
47,-141051.7758,-1469014.769,"ID47_F81_m47f47_P81_Y4_UO2352","ID47_F64_m-1f-1_P47_Y-1_U76","I47_F64_m5f5_P81_Y0_UO356","FXX",4,0,1,0,1,0,0,0,-9999,0.25,1,"P46_CV0",1,1,1,0,2,0,2,0,2
47,-141051.7758,-1469014.769,"I47_F81_m3f3_P59_Y2_UO108","I3_F59_m16f16_P59_Y0_UO997","I3_F59_m3f3_P59_Y0_UO150","MXY",6,0,1,0,0,0,0,0,-9999,0.375,1,"P15_CV0",1,1,1,1,1,0,2,0,2
47,-141051.7758,-1469014.769,"I47_F81_m-1f-1_P47_Y-1_U146","-9999","-9999","MXY",9,0,1,0,0,0,0,0,-9999,1,1,"P46_CV0",1,2,0,1,1,0,2,0,2
47,-141051.7758,-1469014.769,"I47_F81_m-1f-1_P47_Y-1_U143","-9999","-9999","MXY",10,0,1,0,0,0,0,0,-9999,0.5,1,"P46_CV0",1,1,1,1,1,0,2,0,2
47,-141051.7758,-1469014.769,"I47_F81_m-1f-1_P17_Y-1_U37","-9999","-9999","FXX",11,0,1,0,1,0,0,0,-9999,0.5,1,"P16_CV0",1,1,1,2,0,0,2,0,2
47,-141051.7758,-1469014.769,"I47_F81_m-1f-1_P47_Y-1_U59","-9999","-9999","FXX",13,0,1,0,1,0,0,0,-9999,1,1,"P46_CV0",1,2,0,1,1,0,2,0,2
47,-141051.7758,-1469014.769,"I47_F81_m-1f-1_P17_Y-1_U213","-9999","-9999","FXX",16,0,1,0,1,0,0,0,-9999,0,1,"P16_CV0",1,0,2,1,1,0,2,0,2
50,-461024.1736,-947658.4692,"S50_F6_m45f45_P6_Y7_UO2249","I45_F52_m40f40_P6_Y4_UO1955","I45_F6_m-1f-1_P40_Y-1_U35","FXX",1,0,0,0,0,0,0,0,-9999,0.75,1,"P39_CV0",1,1,1,0,2,0,2,0,2
50,-461024.1736,-947658.4692,"S50_F99_m58f58_P99_Y7_UO2741","ID58_F28_m5f5_P81_Y2_UO336","ID58_F98_m50f50_P99_Y0_UO2516","FXX",1,0,0,0,0,0,0,0,-9999,0.5,1,"P49_CV0",1,0,2,0,2,0,2,0,2
50,-461024.1736,-947658.4692,"I50_F6_m50f50_P99_Y6_UO2396","ID50_F99_m42f42_P99_Y4_UO1984","ID50_F57_m50f50_P6_Y0_UO2487","MXY",2,0,1,0,0,0,0,0,-9999,0.5625,1,"P44_CV0",1,0,2,1,1,0,2,0,2
50,-461024.1736,-947658.4692,"I50_F99_m42f42_P99_Y5_UO2057","ID42_F99_m-1f-1_P40_Y-1_U14","ID42_F6_m40f40_P57_Y3_UO1838","MXY",3,0,1,0,0,0,0,0,-9999,0,1,"P39_CV0",1,0,2,1,1,0,2,0,2
50,-461024.1736,-947658.4692,"ID50_F99_m23f23_P35_Y4_UO1209","I23_F57_m92f92_P57_Y0_UO4646","I23_F6_m23f23_P27_Y2_UO1112","FXX",4,0,1,0,1,0,0,0,-9999,0.5625,1,"P22_CV0",1,1,1,1,1,0,2,0,2
50,-461024.1736,-947658.4692,"I50_F72_m92f92_P6_Y3_UO4233","ID92_F99_m42f42_P99_Y1_UO1756","ID92_F99_m-1f-1_P42_Y-1_U223","MXY",5,0,1,0,0,0,0,0,-9999,0.875,1,"P41_CV0",1,2,0,0,2,0,2,0,2
50,-461024.1736,-947658.4692,"I50_F99_m-1f-1_P42_Y-1_U72","-9999","-9999","MXY",9,0,1,0,0,0,0,0,-9999,0.5,1,"P41_CV0",1,1,1,1,1,0,2,0,2
50,-461024.1736,-947658.4692,"I50_F99_m-1f-1_P58_Y-1_U60","-9999","-9999","MXY",15,0,1,0,0,0,0,0,-9999,0,1,"P57_CV0",1,0,2,1,1,0,2,0,2
53,-1422325.353,-23209.75852,"S53_F26_m53f53_P26_Y7_UO2481","I53_F26_m53f53_P26_Y5_UO2454","I53_F26_m-1f-1_P53_Y-1_U43","MXY",1,0,0,0,0,0,0,0,-9999,0.25,1,"P52_CV0",1,1,1,2,0,0,2,0,2
53,-1422325.353,-23209.75852,"S53_F26_m53f53_P26_Y7_UO2530","I53_F26_m-1f-1_P53_Y-1_U132","I53_F26_m-1f-1_P53_Y-1_U204","FXX",1,0,0,0,0,0,0,0,-9999,0.25,1,"P52_CV0",1,0,2,1,1,0,2,0,2
53,-1422325.353,-23209.75852,"I53_F26_m53f53_P26_Y5_UO2454","I53_F26_m53f53_P26_Y2_UO2430","I53_F26_m-1f-1_P53_Y-1_U118","FXX",3,0,1,0,1,0,0,0,-9999,0.5,1,"P52_CV0",1,2,0,1,1,0,2,0,2
53,-1422325.353,-23209.75852,"I53_F26_m53f53_P26_Y4_UO2450","I53_F26_m53f53_P26_Y2_UO2368","I53_F26_m53f53_P26_Y0_UO2651","MXY",4,0,1,0,0,0,0,0,-9999,0.4375,1,"P52_CV0",1,2,0,2,0,0,2,0,2
53,-1422325.353,-23209.75852,"I53_F26_m53f53_P26_Y1_UO2264","I53_F26_m-1f-1_P53_Y-1_U16","I53_F26_m-1f-1_P53_Y-1_U224","FXX",7,0,1,0,1,0,0,0,-9999,0.5,1,"P52_CV0",1,1,1,1,1,0,2,0,2
53,-1422325.353,-23209.75852,"ID53_F26_m-1f-1_P53_Y-1_U156","-9999","-9999","FXX",10,0,1,0,1,0,0,0,-9999,0,1,"P52_CV0",1,0,2,2,0,0,2,0,2
53,-1422325.353,-23209.75852,"I53_F26_m-1f-1_P53_Y-1_U72","-9999","-9999","MXY",12,0,1,0,0,0,0,0,-9999,0.5,1,"P52_CV0",1,1,1,2,0,0,2,0,2
53,-1422325.353,-23209.75852,"I53_F66_m-1f-1_P53_Y-1_U92","-9999","-9999","MXY",16,0,1,0,0,0,0,0,-9999,0,1,"P52_CV0",1,0,2,2,0,0,2,0,2
55,164905.8369,-253907.3648,"S55_F14_m55f55_P14_Y7_UO2569","ID55_F49_m15f15_P41_Y4_UO863","I55_F89_m73f73_P89_Y5_UO3348","MXY",1,0,0,0,0,0,0,0,-9999,0.53125,1,"P10_CV0",1,1,1,2,0,0,2,0,2
55,164905.8369,-253907.3648,"S55_F89_m11f11_P89_Y7_UO659","I11_F49_m-1f-1_P11_Y-1_U157","ID11_F36_m-1f-1_P11_Y-1_U158","MXY",1,0,0,0,0,0,0,0,-9999,0,1,"P10_CV0",1,0,2,2,0,0,2,0,2
55,164905.8369,-253907.3648,"S55_F89_m73f73_P89_Y7_UO3264","I73_F41_m55f55_P89_Y5_UO2509","I73_F14_m60f60_P14_Y3_UO2792","MXY",1,0,0,0,0,0,0,0,-9999,0.46875,1,"P99_CV0",1,0,2,0,2,0,2,0,2
55,164905.8369,-253907.3648,"I55_F41_m73f73_P89_Y6_UO3353","I73_F89_m55f55_P89_Y1_UO2401","I73_F89_m15f15_P89_Y0_UO906","FXX",2,0,1,0,1,0,0,0,-9999,0.25,1,"P54_CV0",1,1,1,1,1,0,2,0,2
55,164905.8369,-253907.3648,"I55_F41_m55f55_P89_Y5_UO2555","ID55_F89_m55f55_P41_Y1_UO2385","ID55_F89_m11f11_P89_Y1_UO559","MXY",3,0,1,0,0,0,0,0,-9999,0.5,1,"P10_CV0",1,0,2,1,1,0,2,0,2
55,164905.8369,-253907.3648,"I55_F14_m100f100_P41_Y3_UO4492","I100_F49_m43f43_P49_Y1_UO1871","I100_F48_m43f43_P49_Y0_UO2180","FXX",5,0,1,0,1,0,0,0,-9999,0.625,1,"P42_CV0",1,1,1,1,1,0,2,0,2
55,164905.8369,-253907.3648,"I55_F41_m73f73_P89_Y0_UO3541","R73_F73_m-1f-1_P73_Y-1_U179","R73_F73_m-1f-1_P73_Y-1_U2","FXX",8,0,1,0,1,0,0,0,-9999,0.5,1,"P72_CV0",1,1,1,1,1,0,2,0,2
55,164905.8369,-253907.3648,"I55_F41_m-1f-1_P15_Y-1_U95","-9999","-9999","MXY",16,0,1,0,0,0,0,0,-9999,0,1,"P14_CV0",1,0,2,1,1,0,2,0,2
56,389918.0706,-1611673.791,"S56_F59_m3f3_P59_Y7_UO143","I3_F64_m16f16_P59_Y4_UO924","ID3_F59_m16f16_P59_Y1_UO791","FXX",1,0,0,0,0,0,0,0,-9999,0.75,1,"P15_CV0",1,1,1,1,1,0,2,0,2
56,389918.0706,-1611673.791,"S56_F59_m79f79_P59_Y7_UO3566","I79_F59_m3f3_P64_Y3_UO163","I79_F64_m3f3_P64_Y2_UO136","MXY",1,0,0,0,0,0,0,0,-9999,0.625,1,"P2_CV0",1,2,0,1,1,0,2,0,2
56,389918.0706,-1611673.791,"S56_F59_m79f79_P59_Y7_UO3507","I79_F59_m3f3_P59_Y5_UO179","I79_F64_m3f3_P59_Y5_UO153","FXX",1,0,0,0,0,0,0,0,-9999,0.5,1,"P94_CV0",1,1,1,0,2,0,2,0,2
56,389918.0706,-1611673.791,"ID56_F59_m16f16_P59_Y6_UO908","I16_F59_m-1f-1_P16_Y-1_U195","I16_F59_m-1f-1_P16_Y-1_U79","FXX",2,0,1,0,1,0,0,0,-9999,0.25,1,"P15_CV0",1,1,1,0,2,0,2,0,2
56,389918.0706,-1611673.791,"I56_F59_m3f3_P59_Y4_UO155","ID3_F59_m47f47_P64_Y0_UO2424","ID3_F64_m-1f-1_P17_Y-1_U239","FXX",4,0,1,0,1,0,0,0,-9999,0.25,1,"P46_CV0",1,1,1,1,1,0,2,0,2
56,389918.0706,-1611673.791,"I56_F59_m3f3_P59_Y3_UO120","ID3_F59_m16f16_P59_Y1_UO852","I3_F64_m-1f-1_P3_Y-1_U198","MXY",5,0,1,0,0,0,0,0,-9999,0.875,1,"P2_CV0",1,2,0,2,0,0,2,0,2
56,389918.0706,-1611673.791,"I56_F59_m56f56_P59_Y0_UO2834","R56_F56_m-1f-1_P56_Y-1_U134","R56_F56_m-1f-1_P56_Y-1_U41","FXX",8,0,1,0,1,0,0,0,-9999,0.75,1,"P55_CV0",1,2,0,0,2,0,2,0,2
56,389918.0706,-1611673.791,"I56_F59_m-1f-1_P56_Y-1_U240","-9999","-9999","MXY",16,0,1,0,0,0,0,0,-9999,1,1,"P55_CV0",1,2,0,0,2,0,2,0,2
58,-383430.1935,-1017217.185,"S58_F27_m90f90_P27_Y7_UO4188","I90_F86_m90f90_P27_Y5_UO4215","I90_F6_m46f46_P52_Y5_UO2256","FXX",1,0,0,0,0,0,0,0,-9999,0.59375,1,"P11_CV0",1,0,2,1,1,0,2,0,2
58,-383430.1935,-1017217.185,"S58_F99_m50f50_P99_Y7_UO2425","I50_F99_m50f50_P99_Y4_UO2406","I50_F6_m42f42_P99_Y1_UO1822","FXX",1,0,0,0,0,0,0,0,-9999,0.4375,1,"P39_CV0",1,2,0,1,1,0,2,0,2
58,-383430.1935,-1017217.185,"ID58_F6_m50f50_P99_Y6_UO2412","I50_F72_m50f50_P99_Y3_UO2306","I50_F57_m50f50_P99_Y4_UO2369","FXX",2,0,1,0,1,0,0,0,-9999,0.375,1,"P57_CV0",1,0,2,1,1,0,2,0,2
58,-383430.1935,-1017217.185,"ID58_F81_m80f80_P81_Y5_UO3695","I80_F81_m-1f-1_P42_Y-1_U217","ID80_F81_m5f5_P81_Y3_UO315","FXX",3,0,1,0,1,0,0,0,-9999,0.25,1,"P79_CV0",1,1,1,0,2,0,2,0,2
58,-383430.1935,-1017217.185,"I58_F99_m5f5_P81_Y3_UO327","I5_F72_m47f47_P81_Y0_UO2422","ID5_F81_m-1f-1_P80_Y-1_U66","MXY",5,0,1,0,0,0,0,0,-9999,0.25,1,"P79_CV0",1,0,2,1,1,0,2,0,2
58,-383430.1935,-1017217.185,"I58_F81_m80f80_P81_Y1_UO3439","I80_F81_m-1f-1_P80_Y-1_U237","ID80_F81_m-1f-1_P5_Y-1_U37","MXY",7,0,1,0,0,0,0,0,-9999,0.75,1,"P4_CV0",1,2,0,1,1,0,2,0,2
58,-383430.1935,-1017217.185,"I58_F81_m-1f-1_P94_Y-1_U1","-9999","-9999","MXY",10,0,1,0,0,0,0,0,-9999,0,1,"P93_CV0",1,0,2,1,1,0,2,0,2
58,-383430.1935,-1017217.185,"I58_F99_m-1f-1_P42_Y-1_U152","-9999","-9999","FXX",16,0,1,0,1,0,0,0,-9999,0.5,1,"P41_CV0",1,1,1,1,1,0,2,0,2
60,-197523.2111,-125776.5527,"S60_F14_m15f15_P14_Y7_UO797","I15_F41_m15f15_P41_Y5_UO795","I15_F89_m-1f-1_P15_Y-1_U194","FXX",1,0,0,0,0,0,0,0,-9999,0.28125,1,"P14_CV0",1,1,1,2,0,0,2,0,2
60,-197523.2111,-125776.5527,"S60_F75_m39f39_P75_Y7_UO1851","I39_F75_m46f46_P19_Y5_UO2258","I39_F13_m60f60_P75_Y3_UO2788","FXX",1,0,0,0,0,0,0,0,-9999,0.375,1,"P59_CV0",1,1,1,1,1,0,2,0,2
60,-197523.2111,-125776.5527,"I60_F19_m60f60_P75_Y6_UO2826","ID60_F75_m39f39_P75_Y0_UO1889","ID60_F19_m39f39_P75_Y4_UO1795","MXY",2,0,1,0,0,0,0,0,-9999,0.5625,1,"P38_CV0",1,1,1,2,0,0,2,0,2
60,-197523.2111,-125776.5527,"I60_F75_m39f39_P75_Y5_UO1886","I39_F51_m-1f-1_P39_Y-1_U188","I39_F51_m39f39_P19_Y3_UO1822","MXY",3,0,1,0,0,0,0,0,-9999,0.125,1,"P38_CV0",1,0,2,0,2,0,2,0,2
60,-197523.2111,-125776.5527,"I60_F75_m60f60_P75_Y4_UO2823","I60_F75_m-1f-1_P60_Y-1_U223","I60_F75_m-1f-1_P60_Y-1_U21","MXY",4,0,1,0,0,0,0,0,-9999,0.25,1,"P59_CV0",1,1,1,1,1,0,2,0,2
60,-197523.2111,-125776.5527,"I60_F48_m4f4_P96_Y2_UO260","I4_F67_m-1f-1_P4_Y-1_U233","I4_F67_m-1f-1_P4_Y-1_U3","MXY",6,0,1,0,0,0,0,0,-9999,0.5,1,"P3_CV0",1,2,0,1,1,0,2,0,2
60,-197523.2111,-125776.5527,"I60_F48_m-1f-1_P39_Y-1_U141","-9999","-9999","FXX",9,0,1,0,1,0,0,0,-9999,0.5,1,"P38_CV0",1,1,1,1,1,0,2,0,2
60,-197523.2111,-125776.5527,"ID60_F75_m-1f-1_P39_Y-1_U101","-9999","-9999","MXY",16,0,1,0,0,0,0,0,-9999,0,1,"P38_CV0",1,0,2,2,0,0,2,0,2
62,-1382992.056,566506.7331,"S62_F20_m70f70_P20_Y7_UO3255","ID70_F20_m-1f-1_P70_Y-1_U38","I70_F20_m83f83_P20_Y3_UO3709","FXX",1,0,0,0,0,0,0,0,-9999,0.5,1,"P69_CV0",1,0,2,1,1,0,2,0,2
62,-1382992.056,566506.7331,"S62_F20_m70f70_P20_Y7_UO3202","I70_F20_m62f62_P20_Y4_UO2886","I70_F20_m70f70_P20_Y5_UO3175","FXX",1,0,0,0,0,0,0,0,-9999,0.4375,1,"P69_CV0",1,1,1,2,0,0,2,0,2
62,-1382992.056,566506.7331,"S62_F20_m62f62_P20_Y7_UO2937","I62_F20_m62f62_P20_Y3_UO2870","I62_F20_m53f53_P26_Y2_UO2370","FXX",1,0,0,0,0,0,0,0,-9999,0.8125,1,"P61_CV0",1,2,0,2,0,0,2,0,2
62,-1382992.056,566506.7331,"I62_F20_m70f70_P20_Y6_UO3239","I70_F20_m70f70_P20_Y3_UO3132","ID70_F20_m-1f-1_P70_Y-1_U209","FXX",2,0,1,0,1,0,0,0,-9999,0.375,1,"P69_CV0",1,0,2,2,0,0,2,0,2
62,-1382992.056,566506.7331,"I62_F20_m83f83_P20_Y6_UO3819","I83_F20_m-1f-1_P83_Y-1_U44","ID83_F20_m-1f-1_P83_Y-1_U193","FXX",2,0,1,0,1,0,0,0,-9999,0.75,1,"P82_CV0",1,2,0,0,2,0,2,0,2
62,-1382992.056,566506.7331,"ID62_F20_m62f62_P20_Y5_UO2923","I62_F26_m-1f-1_P62_Y-1_U233","I62_F20_m-1f-1_P62_Y-1_U200","MXY",3,0,1,0,0,0,0,0,-9999,0.25,1,"P61_CV0",1,1,1,1,1,0,2,0,2
62,-1382992.056,566506.7331,"I62_F20_m83f83_P20_Y2_UO3667","I83_F20_m-1f-1_P83_Y-1_U30","I83_F20_m-1f-1_P83_Y-1_U112","MXY",6,0,1,0,0,0,0,0,-9999,0.5,1,"P82_CV0",1,2,0,1,1,0,2,0,2
62,-1382992.056,566506.7331,"ID62_F20_m-1f-1_P62_Y-1_U132","-9999","-9999","MXY",16,0,1,0,0,0,0,0,-9999,0,1,"P61_CV0",1,0,2,2,0,0,2,0,2
63,-159886.8312,-605506.5271,"S63_F8_m31f31_P8_Y7_UO1511","I31_F8_m84f84_P68_Y4_UO3866","I31_F68_m100f100_P68_Y4_UO4573","MXY",1,0,0,0,0,0,0,0,-9999,0.3125,1,"P10_CV0",1,0,2,2,0,0,2,0,2
63,-159886.8312,-605506.5271,"S63_F8_m45f45_P8_Y7_UO2283","I45_F86_m-1f-1_P45_Y-1_U97","I45_F6_m25f25_P68_Y5_UO1292","MXY",1,0,0,0,0,0,0,0,-9999,0.4375,1,"P84_CV0",1,0,2,1,1,0,2,0,2
63,-159886.8312,-605506.5271,"S63_F68_m65f65_P68_Y7_UO3091","I65_F69_m94f94_P98_Y5_UO4423","I65_F8_m-1f-1_P84_Y-1_U124","FXX",1,0,0,0,0,0,0,0,-9999,0.71875,1,"P83_CV0",1,1,1,1,1,0,2,0,2
63,-159886.8312,-605506.5271,"I63_F68_m65f65_P69_Y6_UO3145","I65_F8_m60f60_P48_Y3_UO2785","I65_F98_m-1f-1_P92_Y-1_U100","MXY",2,0,1,0,0,0,0,0,-9999,0.625,1,"P59_CV0",1,2,0,0,2,0,2,0,2
63,-159886.8312,-605506.5271,"I63_F68_m25f25_P8_Y5_UO1312","I25_F49_m100f100_P49_Y0_UO4923","I25_F8_m25f25_P68_Y3_UO1297","MXY",3,0,1,0,0,0,0,0,-9999,0.5,1,"P99_CV0",1,1,1,0,2,0,2,0,2
63,-159886.8312,-605506.5271,"I63_F8_m100f100_P48_Y4_UO4570","ID100_F49_m100f100_P48_Y0_UO4947","I100_F49_m43f43_P49_Y1_UO1889","FXX",4,0,1,0,1,0,0,0,-9999,0.5,1,"P42_CV0",1,1,1,1,1,0,2,0,2
63,-159886.8312,-605506.5271,"I63_F8_m63f63_P8_Y1_UO2874","I63_F68_m-1f-1_P63_Y-1_U23","I63_F68_m-1f-1_P63_Y-1_U5","MXY",7,0,1,0,0,0,0,0,-9999,0.5,1,"P62_CV0",1,1,1,0,2,0,2,0,2
63,-159886.8312,-605506.5271,"I63_F68_m-1f-1_P63_Y-1_U74","-9999","-9999","FXX",16,0,1,0,1,0,0,0,-9999,0.5,1,"P62_CV0",1,1,1,1,1,0,2,0,2
65,-161288.9271,-735575.0024,"S65_F2_m11f11_P2_Y7_UO642","I11_F69_m15f15_P49_Y2_UO825","I11_F2_m-1f-1_P11_Y-1_U240","MXY",1,0,0,0,0,0,0,0,-9999,0.25,1,"P10_CV0",1,0,2,2,0,0,2,0,2
65,-161288.9271,-735575.0024,"S65_F68_m25f25_P68_Y7_UO1335","I25_F68_m40f40_P98_Y0_UO1944","ID25_F8_m31f31_P8_Y5_UO1526","MXY",1,0,0,0,0,0,0,0,-9999,0.5,1,"P39_CV0",1,1,1,0,2,0,2,0,2
65,-161288.9271,-735575.0024,"S65_F98_m65f65_P98_Y7_UO3166","ID65_F6_m-1f-1_P65_Y-1_U182","ID65_F2_m-1f-1_P85_Y-1_U237","MXY",1,0,0,0,0,0,0,0,-9999,0.75,1,"P64_CV0",1,1,1,1,1,0,2,0,2
65,-161288.9271,-735575.0024,"ID65_F98_m40f40_P8_Y6_UO1958","I40_F6_m92f92_P99_Y2_UO4313","I40_F98_m-1f-1_P92_Y-1_U24","FXX",2,0,1,0,1,0,0,0,-9999,0.5625,1,"P91_CV0",1,2,0,1,1,0,2,0,2
65,-161288.9271,-735575.0024,"I65_F21_m25f25_P8_Y5_UO1320","ID25_F8_m-1f-1_P31_Y-1_U160","I25_F98_m-1f-1_P25_Y-1_U76","MXY",3,0,1,0,0,0,0,0,-9999,0.75,1,"P24_CV0",1,1,1,2,0,0,2,0,2
65,-161288.9271,-735575.0024,"ID65_F48_m84f84_P8_Y4_UO3817","ID84_F36_m11f11_P2_Y0_UO667","I84_F8_m-1f-1_P31_Y-1_U31","MXY",4,0,1,0,0,0,0,0,-9999,0.625,1,"P10_CV0",1,1,1,2,0,0,2,0,2
65,-161288.9271,-735575.0024,"I65_F98_m31f31_P68_Y0_UO1552","R31_F31_m-1f-1_P31_Y-1_U113","R31_F31_m-1f-1_P31_Y-1_U29","MXY",8,0,1,0,0,0,0,0,-9999,0.5,1,"P30_CV0",1,1,1,2,0,0,2,0,2
65,-161288.9271,-735575.0024,"I65_F36_m-1f-1_P65_Y-1_U193","-9999","-9999","FXX",16,0,1,0,1,0,0,0,-9999,0.5,1,"P64_CV0",1,1,1,1,1,0,2,0,2
70,-1689932.148,427283.0355,"S70_F20_m62f62_P20_Y7_UO2860","ID62_F26_m62f62_P20_Y5_UO2833","I62_F20_m62f62_P20_Y2_UO2853","MXY",1,0,0,0,0,0,0,0,-9999,0.40625,1,"P52_CV0",1,1,1,1,1,0,2,0,2
70,-1689932.148,427283.0355,"S70_F20_m62f62_P20_Y7_UO2972","I62_F20_m-1f-1_P62_Y-1_U151","I62_F20_m62f62_P26_Y3_UO2833","FXX",1,0,0,0,0,0,0,0,-9999,0.625,1,"P69_CV0",1,2,0,1,1,0,2,0,2
70,-1689932.148,427283.0355,"S70_F20_m70f70_P20_Y7_UO3253","I70_F20_m-1f-1_P70_Y-1_U154","I70_F20_m70f70_P20_Y5_UO3175","FXX",1,0,0,0,0,0,0,0,-9999,0.25,1,"P82_CV0",1,1,1,2,0,0,2,0,2
70,-1689932.148,427283.0355,"I70_F20_m83f83_P20_Y6_UO3843","I83_F20_m-1f-1_P83_Y-1_U101","ID83_F20_m70f70_P20_Y2_UO3170","MXY",2,0,1,0,0,0,0,0,-9999,0.3125,1,"P69_CV0",1,1,1,1,1,0,2,0,2
70,-1689932.148,427283.0355,"I70_F20_m83f83_P20_Y5_UO3746","I83_F20_m-1f-1_P83_Y-1_U152","ID83_F20_m-1f-1_P70_Y-1_U218","MXY",3,0,1,0,0,0,0,0,-9999,0.25,1,"P82_CV0",1,0,2,0,2,0,2,0,2
70,-1689932.148,427283.0355,"I70_F20_m83f83_P20_Y4_UO3722","I83_F20_m-1f-1_P83_Y-1_U76","I83_F20_m-1f-1_P83_Y-1_U193","MXY",4,0,1,0,0,0,0,0,-9999,0.25,1,"P82_CV0",1,0,2,1,1,0,2,0,2
70,-1689932.148,427283.0355,"I70_F20_m62f62_P20_Y1_UO2743","I62_F20_m-1f-1_P62_Y-1_U106","I62_F20_m-1f-1_P62_Y-1_U113","MXY",7,0,1,0,0,0,0,0,-9999,0.75,1,"P61_CV0",1,2,0,2,0,0,2,0,2
70,-1689932.148,427283.0355,"I70_F20_m-1f-1_P70_Y-1_U48","-9999","-9999","FXX",16,0,1,0,1,0,0,0,-9999,0.5,1,"P69_CV0",1,1,1,2,0,0,2,0,2
73,219758.0077,-236051.2697,"S73_F14_m73f73_P14_Y7_UO3299","I73_F89_m15f15_P89_Y4_UO839","I73_F41_m55f55_P41_Y0_UO2665","MXY",1,0,0,0,0,0,0,0,-9999,0.375,1,"P54_CV0",1,0,2,0,2,0,2,0,2
73,219758.0077,-236051.2697,"S73_F41_m55f55_P41_Y7_UO2544","ID55_F89_m15f15_P89_Y5_UO798","ID55_F48_m-1f-1_P100_Y-1_U232","MXY",1,0,0,0,0,0,0,0,-9999,0.53125,1,"P99_CV0",1,2,0,1,1,0,2,0,2
73,219758.0077,-236051.2697,"S73_F89_m73f73_P89_Y7_UO3361","I73_F89_m-1f-1_P55_Y-1_U131","I73_F89_m43f43_P41_Y5_UO2069","MXY",1,0,0,0,0,0,0,0,-9999,0.40625,1,"P54_CV0",1,2,0,1,1,0,2,0,2
73,219758.0077,-236051.2697,"I73_F89_m15f15_P89_Y6_UO827","I15_F41_m100f100_P48_Y3_UO4503","I15_F14_m55f55_P89_Y4_UO2533","MXY",2,0,1,0,0,0,0,0,-9999,0.25,1,"P14_CV0",1,0,2,0,2,0,2,0,2
73,219758.0077,-236051.2697,"I73_F89_m55f55_P89_Y5_UO2598","I55_F41_m-1f-1_P73_Y-1_U130","I55_F89_m55f55_P41_Y3_UO2542","MXY",3,0,1,0,0,0,0,0,-9999,0.8125,1,"P72_CV0",1,2,0,0,2,0,2,0,2
73,219758.0077,-236051.2697,"I73_F14_m43f43_P41_Y4_UO2136","I43_F49_m-1f-1_P43_Y-1_U140","I43_F41_m100f100_P49_Y0_UO4945","MXY",4,0,1,0,0,0,0,0,-9999,0.125,1,"P42_CV0",1,0,2,2,0,0,2,0,2
73,219758.0077,-236051.2697,"I73_F89_m11f11_P89_Y1_UO557","I11_F89_m-1f-1_P11_Y-1_U43","I11_F49_m-1f-1_P11_Y-1_U222","MXY",7,0,1,0,0,0,0,0,-9999,0.25,1,"P10_CV0",1,1,1,1,1,0,2,0,2
73,219758.0077,-236051.2697,"I73_F89_m-1f-1_P55_Y-1_U7","-9999","-9999","MXY",16,0,1,0,0,0,0,0,-9999,1,1,"P54_CV0",1,2,0,0,2,0,2,0,2
77,-207791.6692,492111.7832,"S77_F10_m1f1_P10_Y7_UO60","I1_F33_m1f1_P33_Y3_UO4","I1_F33_m-1f-1_P1_Y-1_U183","MXY",1,0,0,0,0,0,0,0,-9999,0.5625,1,"P0_CV0",1,2,0,1,1,0,2,0,2
77,-207791.6692,492111.7832,"S77_F82_m4f4_P82_Y7_UO248","I4_F67_m4f4_P82_Y3_UO198","I4_F96_m4f4_P82_Y0_UO194","FXX",1,0,0,0,0,0,0,0,-9999,0.625,1,"P3_CV0",1,1,1,2,0,0,2,0,2
77,-207791.6692,492111.7832,"ID77_F10_m4f4_P82_Y6_UO252","I4_F82_m77f77_P82_Y2_UO3287","I4_F82_m4f4_P82_Y4_UO249","MXY",2,0,1,0,0,0,0,0,-9999,0.375,1,"P0_CV0",1,1,1,1,1,0,2,0,2
77,-207791.6692,492111.7832,"I77_F82_m1f1_P10_Y5_UO80","I1_F33_m-1f-1_P1_Y-1_U107","I1_F44_m9f9_P10_Y1_UO449","FXX",3,0,1,0,1,0,0,0,-9999,0.375,1,"P0_CV0",1,2,0,1,1,0,2,0,2
77,-207791.6692,492111.7832,"I77_F10_m1f1_P33_Y4_UO78","I1_F33_m-1f-1_P1_Y-1_U77","ID1_F10_m1f1_P44_Y2_UO25","FXX",4,0,1,0,1,0,0,0,-9999,0.5,1,"P0_CV0",1,2,0,1,1,0,2,0,2
77,-207791.6692,492111.7832,"ID77_F44_m9f9_P10_Y2_UO571","I9_F44_m-1f-1_P9_Y-1_U212","I9_F10_m-1f-1_P1_Y-1_U204","MXY",6,0,1,0,0,0,0,0,-9999,0,1,"P8_CV0",1,0,2,0,2,0,2,0,2
77,-207791.6692,492111.7832,"ID77_F82_m-1f-1_P4_Y-1_U228","-9999","-9999","MXY",10,0,1,0,0,0,0,0,-9999,1,1,"P3_CV0",1,2,0,1,1,0,2,0,2
77,-207791.6692,492111.7832,"I77_F82_m-1f-1_P9_Y-1_U7","-9999","-9999","MXY",16,0,1,0,0,0,0,0,-9999,0.5,1,"P8_CV0",1,1,1,1,1,0,2,0,2
78,-763079.6065,-78909.04959,"S78_F13_m30f30_P13_Y7_UO1430","ID30_F38_m12f12_P52_Y3_UO744","I30_F38_m7f7_P74_Y2_UO396","FXX",1,0,0,0,0,0,0,1,-9999,0.125,1,"P11_CV0",1,1,1,0,2,0,2,0,2
78,-763079.6065,-78909.04959,"S78_F29_m88f88_P29_Y7_UO4118","I88_F29_m78f78_P29_Y2_UO3436","I88_F29_m78f78_P29_Y5_UO3474","MXY",1,0,0,0,0,0,0,0,-9999,0.5,1,"P77_CV0",1,1,1,1,1,0,2,0,2
78,-763079.6065,-78909.04959,"S78_F93_m78f78_P93_Y7_UO3425","I78_F38_m7f7_P38_Y5_UO491","I78_F54_m78f78_P93_Y4_UO3463","MXY",1,0,0,0,0,0,0,0,-9999,0.28125,1,"P77_CV0",1,1,1,1,1,0,2,0,2
78,-763079.6065,-78909.04959,"I78_F29_m30f30_P13_Y6_UO1463","I30_F74_m-1f-1_P37_Y-1_U142","I30_F74_m78f78_P13_Y4_UO3468","MXY",2,0,1,0,0,0,0,1,-9999,0.5,1,"P77_CV0",1,1,1,0,2,0,2,0,2
78,-763079.6065,-78909.04959,"ID78_F52_m37f37_P38_Y4_UO1727","I37_F38_m78f78_P29_Y1_UO3287","I37_F38_m88f88_P29_Y2_UO4062","FXX",4,0,1,0,1,0,0,0,-9999,0.375,1,"P87_CV0",1,1,1,2,0,0,2,0,2
78,-763079.6065,-78909.04959,"I78_F13_m88f88_P29_Y2_UO4112","ID88_F74_m-1f-1_P88_Y-1_U193","I88_F29_m-1f-1_P88_Y-1_U244","MXY",6,0,1,0,0,0,0,0,-9999,0.25,1,"P87_CV0",1,0,2,0,2,0,2,0,2
78,-763079.6065,-78909.04959,"ID78_F13_m-1f-1_P87_Y-1_U181","-9999","-9999","FXX",9,0,1,0,1,0,0,0,-9999,0.5,1,"P86_CV0",1,1,1,2,0,0,2,0,2
78,-763079.6065,-78909.04959,"I78_F13_m-1f-1_P78_Y-1_U66","-9999","-9999","FXX",16,0,1,0,1,0,0,1,-9999,0,1,"P77_CV0",1,0,2,1,1,0,2,0,2
79,185859.9901,-1426728.827,"S79_F59_m79f79_P59_Y7_UO3551","I79_F64_m79f79_P59_Y4_UO3587","I79_F64_m3f3_P59_Y3_UO172","MXY",1,0,0,0,0,0,0,0,-9999,0.25,1,"P2_CV0",1,1,1,0,2,0,2,0,2
79,185859.9901,-1426728.827,"S79_F59_m16f16_P59_Y7_UO875","I16_F59_m79f79_P59_Y5_UO3532","I16_F59_m79f79_P59_Y2_UO3476","MXY",1,0,0,0,0,0,0,0,-9999,0.625,1,"P55_CV0",1,1,1,2,0,0,2,0,2
79,185859.9901,-1426728.827,"S79_F64_m3f3_P64_Y7_UO191","I3_F59_m-1f-1_P3_Y-1_U219","I3_F64_m95f95_P64_Y5_UO4531","FXX",1,0,0,0,0,0,0,0,-9999,0.625,1,"P94_CV0",1,2,0,2,0,0,2,0,2
79,185859.9901,-1426728.827,"I79_F64_m17f17_P59_Y6_UO936","ID17_F64_m79f79_P64_Y4_UO3566","I17_F64_m-1f-1_P17_Y-1_U154","FXX",2,0,1,0,1,0,0,0,-9999,0.5,1,"P16_CV0",1,1,1,1,1,0,2,0,2
79,185859.9901,-1426728.827,"I79_F59_m56f56_P59_Y6_UO2675","I56_F59_m16f16_P59_Y0_UO911","I56_F59_m56f56_P59_Y2_UO2638","MXY",2,0,1,0,0,0,0,0,-9999,0.75,1,"P55_CV0",1,1,1,0,2,0,2,0,2
79,185859.9901,-1426728.827,"I79_F64_m17f17_P64_Y5_UO940","I17_F64_m95f95_P64_Y3_UO4485","ID17_F64_m95f95_P64_Y2_UO4430","FXX",3,0,1,0,1,0,0,0,-9999,0.5625,1,"P94_CV0",1,2,0,1,1,0,2,0,2
79,185859.9901,-1426728.827,"I79_F59_m3f3_P59_Y2_UO103","ID3_F59_m56f56_P59_Y0_UO2863","I3_F59_m3f3_P59_Y0_UO122","FXX",6,0,1,0,1,0,0,0,-9999,0.5,1,"P2_CV0",1,0,2,1,1,0,2,0,2
79,185859.9901,-1426728.827,"I79_F59_m-1f-1_P56_Y-1_U85","-9999","-9999","MXY",15,0,1,0,0,0,0,0,-9999,1,1,"P55_CV0",1,2,0,1,1,0,2,0,2
80,-393927.6263,-1278131.756,"S80_F72_m80f80_P72_Y7_UO3681","I80_F81_m80f80_P72_Y4_UO3660","I80_F81_m47f47_P81_Y5_UO2340","FXX",1,0,0,0,0,0,0,0,-9999,0.5625,1,"P16_CV0",1,1,1,1,1,0,2,0,2
80,-393927.6263,-1278131.756,"S80_F81_m80f80_P81_Y7_UO3676","I80_F81_m47f47_P81_Y4_UO2331","I80_F72_m5f5_P81_Y0_UO380","MXY",1,0,0,0,0,0,0,0,-9999,0.25,1,"P46_CV0",1,0,2,2,0,0,2,0,2
80,-393927.6263,-1278131.756,"S80_F81_m58f58_P81_Y7_UO2770","I58_F99_m-1f-1_P94_Y-1_U191","I58_F99_m-1f-1_P58_Y-1_U29","FXX",1,0,0,0,0,0,0,0,-9999,0.5,1,"P93_CV0",1,1,1,0,2,0,2,0,2
80,-393927.6263,-1278131.756,"I80_F81_m5f5_P72_Y6_UO376","I5_F81_m5f5_P81_Y1_UO286","I5_F81_m80f80_P72_Y2_UO3610","FXX",2,0,1,0,1,0,0,0,-9999,0.625,1,"P79_CV0",1,2,0,1,1,0,2,0,2
80,-393927.6263,-1278131.756,"I80_F72_m58f58_P81_Y5_UO2699","I58_F81_m40f40_P6_Y1_UO1681","I58_F81_m-1f-1_P58_Y-1_U70","MXY",3,0,1,0,0,0,0,0,-9999,0.375,1,"P39_CV0",1,1,1,1,1,0,2,0,2
80,-393927.6263,-1278131.756,"I80_F72_m80f80_P81_Y4_UO3676","ID80_F81_m-1f-1_P80_Y-1_U201","ID80_F81_m5f5_P81_Y2_UO318","MXY",4,0,1,0,0,0,0,0,-9999,0.5,1,"P79_CV0",1,0,2,1,1,0,2,0,2
80,-393927.6263,-1278131.756,"ID80_F81_m5f5_P81_Y2_UO288","I5_F81_m47f47_P81_Y0_UO2402","I5_F81_m-1f-1_P5_Y-1_U35","MXY",6,0,1,0,0,0,0,0,-9999,0.75,1,"P46_CV0",1,2,0,1,1,0,2,0,2
80,-393927.6263,-1278131.756,"I80_F81_m-1f-1_P80_Y-1_U11","-9999","-9999","FXX",15,0,1,0,1,0,0,0,-9999,0.5,1,"P79_CV0",1,1,1,2,0,0,2,0,2
83,-1820995.163,488350.4412,"S83_F20_m62f62_P20_Y7_UO2869","I62_F20_m83f83_P20_Y5_UO3760","I62_F20_m53f53_P26_Y5_UO2475","FXX",1,0,0,0,0,0,0,0,-9999,0.5,1,"P52_CV0",1,2,0,1,1,0,2,0,2
83,-1820995.163,488350.4412,"I83_F20_m70f70_P20_Y5_UO3243","ID70_F20_m-1f-1_P70_Y-1_U174","I70_F20_m70f70_P20_Y3_UO3121","MXY",3,0,1,0,0,0,0,0,-9999,0.375,1,"P69_CV0",1,1,1,1,1,0,2,0,2
83,-1820995.163,488350.4412,"I83_F20_m83f83_P20_Y4_UO3703","ID83_F20_m70f70_P20_Y0_UO3463","I83_F20_m-1f-1_P83_Y-1_U37","FXX",4,0,1,0,1,0,0,0,-9999,0.125,1,"P82_CV0",1,1,1,1,1,0,2,0,2
83,-1820995.163,488350.4412,"I83_F20_m83f83_P20_Y1_UO3528","I83_F20_m-1f-1_P83_Y-1_U217","I83_F20_m-1f-1_P83_Y-1_U153","FXX",7,0,1,0,1,0,0,0,-9999,0.5,1,"P82_CV0",1,0,2,0,2,0,2,0,2
83,-1820995.163,488350.4412,"I83_F20_m-1f-1_P70_Y-1_U16","-9999","-9999","MXY",9,0,1,0,0,0,0,0,-9999,0.5,1,"P69_CV0",1,1,1,1,1,0,2,0,2
83,-1820995.163,488350.4412,"I83_F20_m-1f-1_P83_Y-1_U86","-9999","-9999","FXX",10,0,1,0,1,0,0,0,-9999,1,1,"P82_CV0",1,2,0,2,0,0,2,0,2
83,-1820995.163,488350.4412,"I83_F20_m-1f-1_P70_Y-1_U24","-9999","-9999","FXX",12,0,1,0,1,0,0,0,-9999,1,1,"P69_CV0",1,2,0,1,1,0,2,0,2
83,-1820995.163,488350.4412,"I83_F20_m-1f-1_P83_Y-1_U112","-9999","-9999","MXY",16,0,1,0,0,0,0,0,-9999,0.5,1,"P82_CV0",1,1,1,1,1,0,2,0,2
84,-171682.0633,-619513.9564,"S84_F8_m25f25_P8_Y7_UO1245","I25_F69_m11f11_P68_Y5_UO650","I25_F8_m-1f-1_P84_Y-1_U108","FXX",1,0,0,0,0,0,0,0,-9999,0.375,1,"P10_CV0",1,0,2,2,0,0,2,0,2
84,-171682.0633,-619513.9564,"S84_F8_m65f65_P8_Y7_UO3158","I65_F98_m-1f-1_P84_Y-1_U177","I65_F28_m100f100_P8_Y5_UO4619","MXY",1,0,0,0,0,0,0,0,-9999,0.5625,1,"P99_CV0",1,2,0,1,1,0,2,0,2
84,-171682.0633,-619513.9564,"S84_F68_m84f84_P68_Y7_UO3828","I84_F68_m100f100_P68_Y5_UO4584","I84_F68_m40f40_P8_Y5_UO1923","FXX",1,0,0,0,0,0,0,0,-9999,0.5625,1,"P99_CV0",1,0,2,2,0,0,2,0,2
84,-171682.0633,-619513.9564,"I84_F68_m65f65_P69_Y6_UO3162","I65_F8_m45f45_P68_Y1_UO1946","I65_F68_m63f63_P68_Y1_UO2845","MXY",2,0,1,0,0,0,0,0,-9999,0.375,1,"P44_CV0",1,1,1,1,1,0,2,0,2
84,-171682.0633,-619513.9564,"I84_F8_m84f84_P68_Y5_UO3788","I84_F98_m25f25_P68_Y3_UO1284","I84_F68_m94f94_P98_Y2_UO4333","MXY",3,0,1,0,0,0,0,0,-9999,0.5625,1,"P93_CV0",1,1,1,1,1,0,2,0,2
84,-171682.0633,-619513.9564,"I84_F8_m31f31_P36_Y4_UO1484","ID31_F69_m45f45_P68_Y2_UO2082","I31_F8_m31f31_P8_Y1_UO1322","FXX",4,0,1,0,1,0,0,0,-9999,0.875,1,"P44_CV0",1,2,0,1,1,0,2,0,2
84,-171682.0633,-619513.9564,"I84_F69_m25f25_P69_Y1_UO1139","I25_F36_m-1f-1_P25_Y-1_U207","I25_F8_m-1f-1_P25_Y-1_U166","MXY",7,0,1,0,0,0,0,0,-9999,0.5,1,"P24_CV0",1,0,2,0,2,0,2,0,2
84,-171682.0633,-619513.9564,"ID84_F68_m-1f-1_P63_Y-1_U60","-9999","-9999","MXY",15,0,1,0,0,0,0,0,-9999,0,1,"P62_CV0",1,0,2,0,2,0,2,0,2
85,-18819.33775,-711539.8494,"S85_F69_m84f84_P69_Y7_UO3900","I84_F8_m31f31_P68_Y0_UO1553","I84_F36_m84f84_P8_Y3_UO3730","FXX",1,0,0,0,0,0,0,0,-9999,0.75,1,"P24_CV0",1,2,0,1,1,0,2,0,2
85,-18819.33775,-711539.8494,"S85_F69_m31f31_P69_Y7_UO1556","I31_F8_m-1f-1_P65_Y-1_U233","I31_F48_m85f85_P68_Y2_UO3847","FXX",1,0,0,0,0,0,0,0,-9999,0.75,1,"P64_CV0",1,1,1,1,1,0,2,0,2
85,-18819.33775,-711539.8494,"S85_F69_m25f25_P69_Y7_UO1295","I25_F68_m84f84_P8_Y3_UO3828","I25_F68_m100f100_P68_Y5_UO4628","FXX",1,0,0,0,0,0,0,0,-9999,0.375,1,"P99_CV0",1,2,0,1,1,0,2,0,2
85,-18819.33775,-711539.8494,"I85_F36_m65f65_P36_Y6_UO3148","I65_F8_m25f25_P98_Y2_UO1276","I65_F98_m-1f-1_P92_Y-1_U100","MXY",2,0,1,0,0,0,0,0,-9999,0.625,1,"P24_CV0",1,1,1,0,2,0,2,0,2
85,-18819.33775,-711539.8494,"I85_F36_m25f25_P69_Y6_UO1333","I25_F68_m-1f-1_P63_Y-1_U22","I25_F68_m-1f-1_P63_Y-1_U195","FXX",2,0,1,0,1,0,0,0,-9999,0.5,1,"P62_CV0",1,1,1,0,2,0,2,0,2
85,-18819.33775,-711539.8494,"I85_F2_m85f85_P36_Y5_UO3929","I85_F2_m65f65_P8_Y2_UO3059","I85_F69_m65f65_P8_Y1_UO2962","MXY",3,0,1,0,0,0,0,0,-9999,0.5,1,"P64_CV0",1,2,0,0,2,0,2,0,2
85,-18819.33775,-711539.8494,"I85_F98_m25f25_P69_Y3_UO1234","I25_F68_m65f65_P36_Y1_UO2947","I25_F8_m85f85_P68_Y0_UO4247","FXX",5,0,1,0,1,0,0,0,-9999,0.375,1,"P84_CV0",1,1,1,0,2,0,2,0,2
85,-18819.33775,-711539.8494,"I85_F28_m-1f-1_P85_Y-1_U158","-9999","-9999","MXY",16,0,1,0,0,0,0,0,-9999,1,1,"P84_CV0",1,2,0,0,2,0,2,0,2
87,-595729.8143,90751.21634,"S87_F13_m78f78_P13_Y7_UO3457","I78_F29_m30f30_P13_Y2_UO1398","I78_F54_m37f37_P38_Y0_UO1771","FXX",1,0,0,0,0,0,0,0,-9999,0.375,1,"P36_CV0",1,1,1,2,0,0,2,0,2
87,-595729.8143,90751.21634,"S87_F24_m87f87_P24_Y7_UO4059","I87_F24_m87f87_P24_Y4_UO4040","I87_F24_m87f87_P24_Y1_UO3855","MXY",1,0,0,0,0,0,0,0,-9999,0.625,1,"P86_CV0",1,1,1,1,1,0,2,0,2
87,-595729.8143,90751.21634,"S87_F51_m39f39_P51_Y7_UO1916","ID39_F19_m39f39_P51_Y2_UO1790","I39_F19_m39f39_P93_Y5_UO1799","FXX",1,0,0,0,0,0,0,0,-9999,0.46875,1,"P86_CV0",1,1,1,2,0,0,2,0,2
87,-595729.8143,90751.21634,"I87_F24_m4f4_P67_Y6_UO240","I4_F82_m77f77_P67_Y3_UO3346","ID4_F82_m4f4_P67_Y1_UO235","FXX",2,0,1,0,1,0,0,0,-9999,0.6875,1,"P3_CV0",1,2,0,2,0,0,2,0,2
87,-595729.8143,90751.21634,"I87_F93_m37f37_P13_Y5_UO1679","ID37_F52_m23f23_P35_Y3_UO1231","I37_F29_m30f30_P35_Y3_UO1362","MXY",3,0,1,0,0,0,0,0,-9999,0.5,1,"P89_CV0",1,2,0,2,0,0,2,0,2
87,-595729.8143,90751.21634,"I87_F51_m87f87_P24_Y4_UO3975","I87_F19_m87f87_P24_Y2_UO3973","ID87_F24_m87f87_P24_Y2_UO4017","FXX",4,0,1,0,1,0,0,0,-9999,0.375,1,"P86_CV0",1,1,1,1,1,0,2,0,2
87,-595729.8143,90751.21634,"I87_F51_m87f87_P24_Y1_UO3867","ID87_F24_m-1f-1_P87_Y-1_U170","I87_F24_m-1f-1_P87_Y-1_U14","FXX",7,0,1,0,1,0,0,0,-9999,0.5,1,"P86_CV0",1,0,2,1,1,0,2,0,2
87,-595729.8143,90751.21634,"I87_F51_m-1f-1_P87_Y-1_U70","-9999","-9999","FXX",15,0,1,0,1,0,0,0,-9999,0,1,"P86_CV0",1,0,2,0,2,0,2,0,2
88,-1121538.646,-161464.1787,"S88_F29_m7f7_P29_Y7_UO406","I7_F38_m37f37_P74_Y5_UO1778","I7_F38_m37f37_P74_Y5_UO1680","MXY",1,0,0,0,0,0,0,0,-9999,0.5,1,"P36_CV0",1,1,1,0,2,0,2,0,2
88,-1121538.646,-161464.1787,"ID88_F29_m30f30_P38_Y6_UO1414","I30_F38_m37f37_P13_Y2_UO1686","ID30_F38_m-1f-1_P30_Y-1_U106","FXX",2,0,1,0,1,0,0,0,-9999,0.5625,1,"P29_CV0",1,1,1,2,0,0,2,0,2
88,-1121538.646,-161464.1787,"ID88_F29_m78f78_P29_Y5_UO3474","I78_F51_m-1f-1_P78_Y-1_U133","ID78_F54_m-1f-1_P78_Y-1_U228","MXY",3,0,1,0,0,0,0,0,-9999,0.5,1,"P77_CV0",1,1,1,2,0,0,2,0,2
88,-1121538.646,-161464.1787,"I88_F54_m88f88_P29_Y2_UO4077","I88_F54_m-1f-1_P88_Y-1_U84","I88_F29_m-1f-1_P88_Y-1_U112","FXX",6,0,1,0,1,0,0,0,-9999,0.75,1,"P87_CV0",1,2,0,1,1,0,2,0,2
88,-1121538.646,-161464.1787,"I88_F74_m-1f-1_P88_Y-1_U206","-9999","-9999","MXY",9,0,1,0,0,0,0,0,-9999,0.5,1,"P87_CV0",1,1,1,1,1,0,2,0,2
88,-1121538.646,-161464.1787,"I88_F29_m-1f-1_P88_Y-1_U95","-9999","-9999","FXX",11,0,1,0,1,0,0,0,-9999,0,1,"P87_CV0",1,0,2,1,1,0,2,0,2
88,-1121538.646,-161464.1787,"I88_F29_m-1f-1_P88_Y-1_U40","-9999","-9999","FXX",12,0,1,0,1,0,0,0,-9999,0.5,1,"P87_CV0",1,1,1,2,0,0,2,0,2
88,-1121538.646,-161464.1787,"ID88_F29_m-1f-1_P88_Y-1_U208","-9999","-9999","FXX",16,0,1,0,1,0,0,0,-9999,0.5,1,"P87_CV0",1,1,1,2,0,0,2,0,2
90,-558759.7727,-596665.6744,"S90_F6_m23f23_P6_Y7_UO1182","I23_F6_m46f46_P52_Y3_UO2229","I23_F27_m23f23_P86_Y5_UO1200","FXX",1,0,0,0,0,0,0,0,-9999,0.53125,1,"P11_CV0",1,0,2,0,2,0,2,0,2
90,-558759.7727,-596665.6744,"S90_F52_m46f46_P52_Y7_UO2294","I46_F13_m12f12_P52_Y5_UO758","I46_F52_m46f46_P52_Y5_UO2250","FXX",1,0,0,0,0,0,0,0,-9999,0.65625,1,"P11_CV0",1,1,1,1,1,0,2,0,2
90,-558759.7727,-596665.6744,"S90_F86_m12f12_P86_Y7_UO759","ID12_F6_m-1f-1_P12_Y-1_U8","ID12_F38_m30f30_P52_Y2_UO1367","MXY",1,0,0,0,0,0,0,0,-9999,0.625,1,"P11_CV0",1,2,0,2,0,0,2,0,2
90,-558759.7727,-596665.6744,"I90_F52_m90f90_P86_Y6_UO4300","I90_F86_m-1f-1_P30_Y-1_U179","ID90_F86_m-1f-1_P90_Y-1_U18","FXX",2,0,1,0,1,0,0,0,-9999,0.5,1,"P29_CV0",1,0,2,1,1,0,2,0,2
90,-558759.7727,-596665.6744,"I90_F86_m42f42_P6_Y6_UO2046","I42_F99_m50f50_P99_Y2_UO2344","I42_F57_m92f92_P99_Y4_UO4302","MXY",2,0,1,0,0,0,0,0,-9999,0.5625,1,"P44_CV0",1,1,1,2,0,0,2,0,2
90,-558759.7727,-596665.6744,"I90_F57_m40f40_P86_Y4_UO1923","I40_F6_m92f92_P57_Y0_UO4611","I40_F57_m45f45_P6_Y1_UO1938","FXX",4,0,1,0,1,0,0,0,-9999,0.5,1,"P91_CV0",1,1,1,1,1,0,2,0,2
90,-558759.7727,-596665.6744,"I90_F52_m90f90_P35_Y2_UO4202","I90_F52_m-1f-1_P23_Y-1_U131","I90_F35_m-1f-1_P90_Y-1_U239","FXX",6,0,1,0,1,0,0,0,-9999,0.25,1,"P22_CV0",1,0,2,1,1,0,2,0,2
90,-558759.7727,-596665.6744,"ID90_F57_m-1f-1_P90_Y-1_U192","-9999","-9999","FXX",16,0,1,0,1,0,0,0,-9999,0.5,1,"P89_CV0",1,1,1,1,1,0,2,0,2
92,-446783.5623,-818797.0927,"S92_F6_m40f40_P6_Y7_UO1965","I40_F57_m42f42_P99_Y5_UO2051","I40_F6_m23f23_P27_Y4_UO1156","FXX",1,0,0,0,0,0,0,0,-9999,0.4375,1,"P11_CV0",1,0,2,1,1,0,2,0,2
92,-446783.5623,-818797.0927,"S92_F57_m23f23_P57_Y7_UO1225","I23_F6_m-1f-1_P23_Y-1_U143","ID23_F86_m40f40_P6_Y0_UO1912","MXY",1,0,0,0,0,0,0,0,-9999,0.625,1,"P39_CV0",1,1,1,1,1,0,2,0,2
92,-446783.5623,-818797.0927,"S92_F99_m42f42_P99_Y7_UO2070","I42_F98_m23f23_P27_Y3_UO1192","I42_F99_m58f58_P99_Y5_UO2701","FXX",1,0,0,0,0,0,0,0,-9999,0.5625,1,"P41_CV0",1,2,0,1,1,0,2,0,2
92,-446783.5623,-818797.0927,"I92_F99_m92f92_P99_Y6_UO4376","ID92_F6_m65f65_P8_Y2_UO3051","I92_F27_m40f40_P6_Y2_UO1873","FXX",2,0,1,0,1,0,0,0,-9999,0.5,1,"P44_CV0",1,1,1,1,1,0,2,0,2
92,-446783.5623,-818797.0927,"I92_F6_m40f40_P6_Y5_UO1973","I40_F57_m-1f-1_P40_Y-1_U169","I40_F98_m23f23_P86_Y3_UO1155","FXX",3,0,1,0,1,0,0,0,-9999,0.5,1,"P39_CV0",1,0,2,1,1,0,2,0,2
92,-446783.5623,-818797.0927,"ID92_F27_m42f42_P99_Y4_UO2015","I42_F99_m-1f-1_P42_Y-1_U124","ID42_F99_m-1f-1_P50_Y-1_U149","FXX",4,0,1,0,1,0,0,0,-9999,0.5,1,"P49_CV0",1,2,0,0,2,0,2,0,2
92,-446783.5623,-818797.0927,"I92_F99_m40f40_P99_Y1_UO1678","ID40_F6_m-1f-1_P40_Y-1_U48","I40_F57_m-1f-1_P40_Y-1_U137","MXY",7,0,1,0,0,0,0,0,-9999,0.5,1,"P39_CV0",1,1,1,2,0,0,2,0,2
92,-446783.5623,-818797.0927,"ID92_F99_m-1f-1_P40_Y-1_U207","-9999","-9999","MXY",16,0,1,0,0,0,0,0,-9999,0.5,1,"P39_CV0",1,1,1,1,1,0,2,0,2
94,-292528.4177,-1031942.996,"S94_F72_m80f80_P72_Y7_UO3660","I80_F81_m5f5_P81_Y4_UO398","ID80_F72_m94f94_P81_Y4_UO4391","FXX",1,0,0,0,0,0,0,0,-9999,0.5625,1,"P4_CV0",1,1,1,2,0,0,2,0,2
94,-292528.4177,-1031942.996,"S94_F81_m5f5_P81_Y7_UO371","I5_F81_m80f80_P81_Y2_UO3624","I5_F81_m80f80_P81_Y3_UO3577","FXX",1,0,0,0,0,0,0,0,-9999,0.4375,1,"P79_CV0",1,1,1,1,1,0,2,0,2
94,-292528.4177,-1031942.996,"ID94_F81_m5f5_P81_Y6_UO380","I5_F81_m95f95_P81_Y1_UO4337","ID5_F81_m5f5_P81_Y4_UO346","MXY",2,0,1,0,0,0,0,0,-9999,0.25,1,"P94_CV0",1,0,2,1,1,0,2,0,2
94,-292528.4177,-1031942.996,"I94_F91_m47f47_P81_Y5_UO2323","I47_F64_m-1f-1_P47_Y-1_U221","I47_F81_m-1f-1_P47_Y-1_U104","FXX",3,0,1,0,1,0,0,0,-9999,0.5,1,"P46_CV0",1,1,1,1,1,0,2,0,2
94,-292528.4177,-1031942.996,"I94_F81_m94f94_P81_Y3_UO4355","I94_F81_m94f94_P81_Y0_UO4736","ID94_F99_m-1f-1_P58_Y-1_U41","FXX",5,0,1,0,1,0,0,0,-9999,0.75,1,"P93_CV0",1,2,0,1,1,0,2,0,2
94,-292528.4177,-1031942.996,"I94_F81_m80f80_P81_Y1_UO3458","I80_F81_m-1f-1_P80_Y-1_U181","I80_F72_m-1f-1_P80_Y-1_U105","MXY",7,0,1,0,0,0,0,0,-9999,0.25,1,"P79_CV0",1,1,1,1,1,0,2,0,2
94,-292528.4177,-1031942.996,"ID94_F81_m-1f-1_P94_Y-1_U165","-9999","-9999","MXY",11,0,1,0,0,0,0,0,-9999,1,1,"P93_CV0",1,2,0,0,2,0,2,0,2
94,-292528.4177,-1031942.996,"I94_F81_m-1f-1_P42_Y-1_U10","-9999","-9999","MXY",15,0,1,0,0,0,0,0,-9999,0.5,1,"P41_CV0",1,1,1,0,2,0,2,0,2
95,-26614.75891,-1231260.954,"S95_F64_m17f17_P64_Y7_UO962","I17_F64_m17f17_P64_Y4_UO1028","ID17_F64_m3f3_P64_Y2_UO152","FXX",1,0,0,0,0,0,0,0,-9999,0.5,1,"P15_CV0",1,1,1,1,1,0,2,0,2
95,-26614.75891,-1231260.954,"S95_F64_m79f79_P64_Y7_UO3561","ID79_F59_m3f3_P59_Y3_UO115","I79_F59_m79f79_P59_Y3_UO3456","FXX",1,0,0,0,0,0,0,0,-9999,0.4375,1,"P78_CV0",1,2,0,0,2,0,2,0,2
95,-26614.75891,-1231260.954,"I95_F64_m17f17_P64_Y6_UO931","I17_F64_m56f56_P59_Y4_UO2634","I17_F64_m17f17_P64_Y4_UO1000","FXX",2,0,1,0,1,0,0,0,-9999,0.5,1,"P15_CV0",1,1,1,2,0,0,2,0,2
95,-26614.75891,-1231260.954,"I95_F64_m17f17_P64_Y5_UO984","ID17_F59_m79f79_P64_Y0_UO3765","ID17_F64_m-1f-1_P17_Y-1_U10","FXX",3,0,1,0,1,0,0,0,-9999,0.375,1,"P16_CV0",1,1,1,1,1,0,2,0,2
95,-26614.75891,-1231260.954,"I95_F28_m95f95_P64_Y4_UO4508","I95_F64_m-1f-1_P95_Y-1_U99","I95_F91_m95f95_P64_Y2_UO4473","MXY",4,0,1,0,0,0,0,0,-9999,0.75,1,"P94_CV0",1,2,0,2,0,0,2,0,2
95,-26614.75891,-1231260.954,"ID95_F64_m79f79_P64_Y2_UO3539","I79_F59_m-1f-1_P79_Y-1_U229","I79_F64_m-1f-1_P79_Y-1_U44","MXY",6,0,1,0,0,0,0,0,-9999,0.5,1,"P78_CV0",1,0,2,1,1,0,2,0,2
95,-26614.75891,-1231260.954,"ID95_F64_m-1f-1_P17_Y-1_U43","-9999","-9999","MXY",10,0,1,0,0,0,0,0,-9999,0,1,"P16_CV0",1,0,2,1,1,0,2,0,2
95,-26614.75891,-1231260.954,"I95_F64_m-1f-1_P95_Y-1_U19","-9999","-9999","MXY",16,0,1,0,0,0,0,0,-9999,0.5,1,"P94_CV0",1,1,1,2,0,0,2,0,2
100,-74636.22471,-405997.1437,"S100_F8_m84f84_P8_Y7_UO3912","I84_F8_m-1f-1_P40_Y-1_U118","I84_F69_m-1f-1_P31_Y-1_U205","FXX",1,0,0,0,0,0,0,0,-9999,0.75,1,"P30_CV0",1,2,0,0,2,0,2,0,2
100,-74636.22471,-405997.1437,"S100_F48_m43f43_P48_Y7_UO2201","I43_F48_m-1f-1_P100_Y-1_U147","I43_F89_m100f100_P48_Y3_UO4578","MXY",1,0,0,0,0,0,0,0,-9999,0.625,1,"P99_CV0",1,2,0,1,1,0,2,0,2
100,-74636.22471,-405997.1437,"S100_F49_m100f100_P49_Y7_UO4519","I100_F49_m55f55_P48_Y5_UO2596","I100_F49_m43f43_P48_Y3_UO2057","MXY",1,0,0,0,0,0,0,0,-9999,0.625,1,"P72_CV0",1,2,0,0,2,0,2,0,2
100,-74636.22471,-405997.1437,"I100_F48_m25f25_P48_Y6_UO1279","I25_F8_m85f85_P69_Y3_UO3842","I25_F36_m43f43_P49_Y1_UO1909","FXX",2,0,1,0,1,0,0,0,-9999,0.3125,1,"P64_CV0",1,1,1,2,0,0,2,0,2
100,-74636.22471,-405997.1437,"I100_F48_m43f43_P49_Y5_UO2147","I43_F49_m-1f-1_P60_Y-1_U56","I43_F49_m11f11_P49_Y0_UO654","FXX",3,0,1,0,1,0,0,0,-9999,0.25,1,"P10_CV0",1,1,1,2,0,0,2,0,2
100,-74636.22471,-405997.1437,"I100_F49_m25f25_P8_Y4_UO1276","I25_F68_m65f65_P69_Y2_UO3032","ID25_F8_m85f85_P36_Y0_UO4165","MXY",4,0,1,0,0,0,0,0,-9999,0.5,1,"P84_CV0",1,2,0,0,2,0,2,0,2
100,-74636.22471,-405997.1437,"ID100_F14_m73f73_P89_Y1_UO3065","I73_F89_m-1f-1_P73_Y-1_U95","I73_F89_m-1f-1_P73_Y-1_U154","MXY",7,0,1,0,0,0,0,0,-9999,0.5,1,"P72_CV0",1,1,1,1,1,0,2,0,2
100,-74636.22471,-405997.1437,"I100_F48_m-1f-1_P100_Y-1_U128","-9999","-9999","FXX",16,0,1,0,1,0,0,0,-9999,0.5,1,"P99_CV0",1,1,1,1,1,0,2,0,2
